State,Action,Action wo Noise
[-0.43984364  0.         -0.43984364  0.         -0.43984364  0.        ],1.0,0.8959762
[-0.43896522  0.00087843 -0.43721475  0.00175047 -0.43460493  0.00260982],1.0,0.9113406
[-0.43115466  0.00345027 -0.42688887  0.00426579 -0.42183827  0.0050506 ],1.0,0.9249748
[-0.41603908  0.00579919 -0.40953266  0.00650642 -0.40236513  0.00716753],1.0,0.93195355
[-0.39458695  0.00777819 -0.38625237  0.00833457 -0.37741899  0.00883338],1.0,0.9327837
[-0.36814716  0.00927183 -0.35849941  0.00964775 -0.34853989  0.00995952],1.0,0.9273139
[-0.33833379  0.0102061  -0.32794674  0.01038705 -0.31744426  0.01050248],1.0,0.9137759
[-0.30689124  0.01055302 -0.29635142  0.01053981 -0.28588698  0.01046444],1.0,0.89055455
[-0.27555806  0.01032892 -0.26542245  0.01013561 -0.25553529  0.00988716],1.0,0.8535136
[-0.2459488   0.00958649 -0.23671211  0.00923669 -0.22787111  0.00884101],0.8890964,0.7978041
[-0.2196347   0.00823641 -0.2120413   0.0075934  -0.20512527  0.00691603],0.44462174,0.71800447
[-0.1995837   0.00554157 -0.19544029  0.0041434  -0.19271241  0.00272788],0.7798316,0.57908964
"[-1.90908486e-01  1.80392383e-03 -1.90035883e-01  8.72603455e-04
 -1.90098139e-01 -6.22563616e-05]",0.091194235,0.44635212
[-0.19212796 -0.00202982 -0.19611709 -0.00398913 -0.20204906 -0.00593198],-0.27796942,0.25207567
[-0.21045262 -0.00840355 -0.22129119 -0.01083857 -0.23451575 -0.01322456],-0.2917734,0.02876389
[-0.25008435 -0.0155686  -0.26791939 -0.01783505 -0.28792712 -0.02000772],-0.45750058,-0.107583284
[-0.31024501 -0.02231789 -0.33474227 -0.02449725 -0.36126762 -0.02652536],0.33899882,-0.12657279
[-0.38845441 -0.02718679 -0.41611874 -0.02766433 -0.44406678 -0.02794804],0.31863093,0.08429313
[-0.47212771 -0.02806094 -0.50009521 -0.02796749 -0.52776088 -0.02766568],0.862079,0.40363705
[-0.55410222 -0.02634134 -0.57892199 -0.02481977 -0.60203562 -0.02311363],1.0,0.7194265
[-0.62306638 -0.02103076 -0.64186216 -0.01879578 -0.65828946 -0.0164273 ],0.723101,0.89060545
[-0.67264918 -0.01435973 -0.68484327 -0.01219408 -0.69478998 -0.00994671],0.5829485,0.95393264
[-0.70263403 -0.00784406 -0.70832454 -0.0056905  -0.71182501 -0.00350047],1.0,0.9774244
"[-7.12487621e-01 -6.62611005e-04 -7.10308175e-01  2.17944552e-03
 -7.05300493e-01  5.00768254e-03]",1.0,0.9884926
[-0.69749654  0.00780395 -0.68694672  0.01054982 -0.67372023  0.01322649],0.8023752,0.9933932
[-0.65820195  0.01551828 -0.64049779  0.01770416 -0.62073119  0.0197666 ],0.52616924,0.9951134
[-0.59945711  0.02127408 -0.57682973  0.02262737 -0.55301557  0.02381417],0.46281326,0.9951552
[-0.52828684  0.02472873 -0.50282874  0.0254581  -0.47683209  0.02599665],0.981053,0.99380696
[-0.44971346  0.02711863 -0.42167286  0.0280406  -0.39291327  0.02875959],0.9750067,0.99130654
[-0.3636464   0.02926687 -0.33407115  0.02957525 -0.30437948  0.02969167],1.0,0.9855833
[-0.27471598  0.0296635  -0.24525043  0.02946555 -0.2161382   0.02911223],1.0,0.97156787
[-0.18751858  0.02861962 -0.15951369  0.02800489 -0.13222797  0.02728572],1.0,0.93817174
[-0.10574812  0.02647985 -0.08014352  0.0256046  -0.055467    0.02467652],1.0,0.86025023
[-0.03175595  0.02371105 -0.00903357  0.02272238  0.01268973  0.0217233 ],1.0,0.6942754
[0.03341484 0.02072511 0.05315251 0.01973766 0.07192189 0.01876938],1.0,0.4027722
[0.08974923 0.01782735 0.10666665 0.01691742 0.12271098 0.01604433],0.9161121,0.03189075
[0.13779698 0.015086   0.15196773 0.01417076 0.165268   0.01330026],0.40669063,-0.3101756
[0.17697933 0.01171133 0.18714487 0.01016554 0.19580421 0.00865934],-0.24255009,-0.6004026
[0.20201879 0.00621458 0.20581479 0.003796   0.20720856 0.00139377],-0.9935005,-0.8047979
[ 0.20507975 -0.00212881  0.1994191  -0.00566065  0.1902024  -0.0092167 ],-1.0,-0.9171123
[ 0.17738177 -0.01282063  0.16090684 -0.01647493  0.14071757 -0.02018927],-1.0,-0.9604449
[ 0.11674777 -0.02396979  0.08892976 -0.02781802  0.05720019 -0.03172957],-1.0,-0.97648215
[ 0.02150733 -0.03569285 -0.01818032 -0.03968765 -0.06186425 -0.04368393],-1.0,-0.9809291
[-0.10950525 -0.047641   -0.16101256 -0.05150731 -0.21623384 -0.05522128],-1.0,-0.9765135
[-0.27494729 -0.05871345 -0.33685742 -0.06191013 -0.40159599 -0.06473857],-1.0,-0.9537516
[-0.46872929 -0.0671333  -0.53777226 -0.06904297 -0.60777226 -0.07      ],-1.0,-0.8532882
[-0.67777226 -0.07       -0.74777226 -0.07       -0.81771486 -0.0699426 ],-0.5607908,-0.37845105
[-0.88656807 -0.0688532  -0.95404715 -0.06747909 -1.01996441 -0.06591726],0.029128335,0.5037365
[-1.08334631 -0.0633819  -1.14419921 -0.0608529  -1.2         0.        ],1.0,0.9692682
[-1.1962581   0.0037419  -1.18876203  0.00749607 -1.17748805  0.01127398],1.0,0.99969554
[-1.16240263  0.01508543 -1.14346503  0.01893759 -1.12063097  0.02283406],1.0,0.99982333
[-1.09385734  0.02677364 -1.06310815  0.03074918 -1.02836182  0.03474634],1.0,0.9998827
[-0.98961947  0.03874235 -0.94691433  0.04270514 -0.90032147  0.04659286],1.0,0.9999089
[-0.8499674   0.05035407 -0.79603834  0.05392906 -0.73878599  0.05725235],1.0,0.9999161
[-0.67852953  0.06025647 -0.61565247  0.06287706 -0.55059375  0.06505872],1.0,0.9998896
[-0.48383279  0.06676096 -0.41586937  0.06796342 -0.34719992  0.06866944],1.0,0.999769
[-0.27829258  0.06890734 -0.2095634   0.06872917 -0.14135623  0.06820718],1.0,0.99923897
[-0.07392761  0.06742862 -0.00743775  0.06648985  0.05805272  0.06549048],1.0,0.99640703
[0.12258102 0.06452829 0.18627646 0.06369544 0.24935221 0.06307575],0.51891273,0.9799452
[0.3113738  0.06202159 0.37268745 0.06131365 0.4336859  0.06099845],0.6623692,0.89779055
