State,Action,Action wo Noise
[-0.44381042  0.         -0.44381042  0.         -0.44381042  0.        ],0.9795523,1.0
[-0.4429338   0.00087661 -0.44118696  0.00174684 -0.4385826   0.00260436],1.0,1.0
[-0.43510897  0.00347363 -0.43079125  0.00431772 -0.42566062  0.00513063],1.0,1.0
[-0.41975401  0.00590661 -0.4131137   0.00664031 -0.40578693  0.00732676],0.94822353,1.0
[-0.39790314  0.00788379 -0.38951755  0.00838559 -0.38068833  0.00882922],0.9471384,1.0
[-0.37147769  0.00921063 -0.36194807  0.00952963 -0.35216315  0.00978492],1.0,1.0
[-0.34210806  0.01005509 -0.33184789  0.01026017 -0.32144783  0.01040006],1.0,1.0
[-0.31097267  0.01047516 -0.30048623  0.01048643 -0.29005097  0.01043527],1.0,1.0
[-0.27972748  0.01032349 -0.26957416  0.01015331 -0.2596469   0.00992726],1.0,1.0
[-0.24999879  0.00964811 -0.24067991  0.00931888 -0.23173718  0.00894273],1.0,1.0
[-0.22321424  0.00852294 -0.21515141  0.00806283 -0.20758564  0.00756576],0.87901586,1.0
[-0.20073204  0.0068536  -0.19462014  0.00611189 -0.18927558  0.00534457],0.8277573,1.0
[-0.18479706  0.00447852 -0.18120245  0.00359461 -0.17850583  0.00269662],1.0,1.0
[-0.17645922  0.00204661 -0.17507042  0.0013888  -0.17434466  0.00072576],1.0,1.0
"[-1.74284668e-01  5.99904655e-05 -1.74890671e-01 -6.06003409e-04
 -1.76160395e-01 -1.26972412e-03]",1.0,1.0
[-0.17808905 -0.00192866 -0.18066932 -0.00258026 -0.18389127 -0.00322195],1.0,1.0
[-0.18774234 -0.00385107 -0.19220725 -0.00446491 -0.19726794 -0.00506069],1.0,1.0
[-0.20290346 -0.00563553 -0.20908995 -0.00618649 -0.21580053 -0.00671057],0.9821982,1.0
[-0.22303194 -0.00723141 -0.23075101 -0.00771907 -0.2389213  -0.0081703 ],0.78274417,1.0
[-0.24780232 -0.00888102 -0.25734965 -0.00954732 -0.26751406 -0.01016441],0.6719079,1.0
[-0.27840781 -0.01089375 -0.28997123 -0.01156342 -0.30213902 -0.01216779],0.6625309,1.0
[-0.31485444 -0.01271542 -0.32804131 -0.01318687 -0.34161836 -0.01357705],0.7384907,1.0
[-0.35538573 -0.01376737 -0.36925409 -0.01386837 -0.38313139 -0.01387729],1.0,1.0
[-0.39653128 -0.01339989 -0.40936126 -0.01282998 -0.42153135 -0.01217009],0.9984064,1.0
[-0.43295743 -0.01142608 -0.44355737 -0.01059994 -0.45325425 -0.00969688],1.0,1.0
[-0.46197481 -0.00872056 -0.46965493 -0.00768011 -0.47623785 -0.00658293],1.0,1.0
[-0.48167479 -0.00543694 -0.48592533 -0.00425054 -0.48895783 -0.00303249],1.0,1.0
[-0.49074966 -0.00179183 -0.49128746 -0.0005378  -0.49056721  0.00072024],1.0,1.0
[-0.4885943   0.00197291 -0.48538344  0.00321086 -0.48095857  0.00442487],1.0,1.0
[-0.47535262  0.00560594 -0.46860727  0.00674536 -0.46077247  0.00783479],1.0,1.0
[-0.4519061   0.00886638 -0.44207328  0.00983282 -0.43134582  0.01072746],1.0,1.0
[-0.41980146  0.01154436 -0.40752306  0.0122784  -0.39459775  0.01292532],1.0,1.0
[-0.38111597  0.01348178 -0.36717056  0.01394541 -0.35285578  0.01431478],1.0,1.0
[-0.33826629  0.01458948 -0.32349629  0.01477    -0.30863853  0.01485776],1.0,1.0
[-0.29378352  0.01485501 -0.27901879  0.01476473 -0.26442819  0.0145906 ],1.0,1.0
[-0.25009135  0.01433683 -0.23608328  0.01400808 -0.22247396  0.01360932],1.0,1.0
[-0.20932818  0.01314577 -0.19670544  0.01262274 -0.18465989  0.01204555],1.0,1.0
[-0.17324044  0.01141946 -0.16249088  0.01074956 -0.15245012  0.01004076],1.0,1.0
[-0.14315242  0.0092977  -0.1346277   0.00852472 -0.12690184  0.00772586],1.0,1.0
[-0.11999698  0.00690486 -0.11393187  0.00606511 -0.10872215  0.00520972],1.0,1.0
[-0.10438062  0.00434153 -0.10091752  0.0034631  -0.09834072  0.0025768 ],0.837613,1.0
[-0.09689949  0.00144123 -0.09659694  0.00030254 -0.09743374 -0.0008368 ],0.4750495,1.0
[-0.09995192 -0.00251818 -0.10414598 -0.00419405 -0.11000643 -0.00586045],0.6274813,1.0
[-0.11729074 -0.00728432 -0.12598066 -0.00868992 -0.13605292 -0.01007226],1.0,0.99999976
[-0.14691981 -0.01086689 -0.15854778 -0.01162796 -0.17089823 -0.01235046],1.0,0.99999976
[-0.18392726 -0.01302902 -0.19758526 -0.013658   -0.21181678 -0.01423151],1.0,0.99999976
[-0.2265603  -0.01474353 -0.24174826 -0.01518796 -0.25730706 -0.0155588 ],1.0,0.99999976
[-0.27315729 -0.01585023 -0.28921404 -0.01605675 -0.30538736 -0.01617332],0.89522,1.0
[-0.32174002 -0.01635266 -0.33817294 -0.01643292 -0.3545831  -0.01641016],0.8890762,1.0
[-0.37087364 -0.01629054 -0.38693635 -0.01606271 -0.40266194 -0.01572559],0.6862167,1.0
[-0.41824546 -0.01558352 -0.43357671 -0.01533126 -0.44854563 -0.01496892],1.0,1.0
[-0.46257271 -0.01402707 -0.47555492 -0.01298222 -0.48739622 -0.0118413 ],1.0,1.0
[-0.49800851 -0.01061229 -0.50731253 -0.00930402 -0.51523865 -0.00792612],1.0,1.0
[-0.52172747 -0.00648882 -0.52673032 -0.00500285 -0.53020969 -0.00347936],0.76114094,1.0
"[-5.32497761e-01 -2.28807468e-03 -5.33577390e-01 -1.07962880e-03
 -5.33440479e-01  1.36911040e-04]",1.0,1.0
[-0.53172977  0.00171071 -0.52845808  0.00327169 -0.52364994  0.00480813],1.0,1.0
[-0.51734143  0.00630852 -0.50957984  0.00776159 -0.50042336  0.00915648],1.0,1.0
[-0.48994056  0.0104828  -0.47820976  0.01173079 -0.46531833  0.01289143],1.0,1.0
[-0.45136178  0.01395655 -0.43644278  0.014919   -0.42067003  0.01577275],1.0,1.0
[-0.40415703  0.016513   -0.3870208   0.01713623 -0.36938048  0.01764032],1.0,1.0
[-0.35135597  0.01802451 -0.33306656  0.01828941 -0.31462959  0.01843697],0.92978364,1.0
[-0.29626456  0.01836504 -0.27808071  0.01818384 -0.26018155  0.01789917],1.0,1.0
[-0.2425587   0.01762284 -0.22530267  0.01725604 -0.20849698  0.01680569],1.0,1.0
[-0.19221798  0.016279   -0.17653471  0.01568327 -0.16150895  0.01502575],0.75449294,1.0
[-0.1475637   0.01394525 -0.13474571  0.01281799 -0.12309449  0.01165122],0.98321843,1.0
[-0.11229991  0.01079458 -0.10238996  0.00990995 -0.09338817  0.00900179],1.0,1.0
[-0.0852889   0.00809927 -0.07810824  0.00718066 -0.07185926  0.00624898],1.0,1.0
[-0.06655241  0.00530685 -0.0621959   0.00435651 -0.05879599  0.0033999 ],1.0,1.0
[-0.0563573   0.00243869 -0.05488296  0.00147434 -0.05437481  0.00050815],1.0,1.0
[-0.05483347 -0.00045866 -0.05625838 -0.00142491 -0.05864777 -0.00238939],1.0,1.0
[-0.06199856 -0.00335079 -0.06630624 -0.00430768 -0.07156461 -0.00525838],1.0,0.99999976
[-0.0777656  -0.00620098 -0.08489885 -0.00713326 -0.09295146 -0.00805261],1.0,0.99999976
[-0.10190749 -0.00895603 -0.1117476  -0.00984011 -0.12244853 -0.01070093],1.0,0.9999995
[-0.13398268 -0.01153414 -0.14631757 -0.0123349  -0.15941546 -0.01309789],1.0,0.9999995
[-0.17323286 -0.0138174  -0.18772018 -0.01448732 -0.20282143 -0.01510125],1.0,0.99999976
[-0.21847399 -0.01565257 -0.23460854 -0.01613454 -0.25114901 -0.01654047],1.0,0.99999976
[-0.26801282 -0.01686381 -0.28511114 -0.01709832 -0.30234938 -0.01723824],1.0,1.0
[-0.3196278  -0.01727842 -0.33684231 -0.01721451 -0.35388536 -0.01704304],0.87350106,1.0
[-0.37083671 -0.01695136 -0.38758385 -0.01674714 -0.40401278 -0.01642892],1.0,1.0
[-0.41981948 -0.0158067  -0.43489201 -0.01507253 -0.44912202 -0.01423001],1.0,1.0
[-0.46240597 -0.01328395 -0.47464629 -0.01224032 -0.48575244 -0.01110615],0.881565,1.0
[-0.49581948 -0.01006704 -0.50477227 -0.00895279 -0.51254385 -0.00777157],0.82633245,1.0
[-0.51915881 -0.00661497 -0.52456758 -0.00540877 -0.52872959 -0.004162  ],0.9332317,1.0
"[-5.31453263e-01 -2.72367679e-03 -5.32718189e-01 -1.26492602e-03
 -5.32514880e-01  2.03308614e-04]",0.8615019,1.0
[-0.53095246  0.00156242 -0.52804263  0.00290983 -0.52380723  0.00423541],0.36506185,1.0
[-0.51902266  0.00478456 -0.51372483  0.00529784 -0.50795344  0.00577138],0.5776523,1.0
[-0.50143288  0.00652057 -0.49421196  0.00722092 -0.48634467  0.00786728],0.9465044,1.0
[-0.47733645  0.00900822 -0.46725434  0.01008212 -0.45617303  0.0110813 ],1.0,1.0
[-0.44409398  0.01207905 -0.43110558  0.0129884  -0.41730201  0.01380357],0.9265435,1.0
[-0.40289241  0.0144096  -0.38797863  0.01491378 -0.37266436  0.01531427],0.61918163,1.0
[-0.35751503  0.01514932 -0.34263166  0.01488337 -0.32811107  0.01452059],0.7059853,1.0
[-0.31391505  0.01419602 -0.300131    0.01378405 -0.28684123  0.01328978],0.44794354,1.0
[-0.27450964  0.01233159 -0.26320522  0.01130441 -0.25298919  0.01021603],0.72375166,1.0
[-0.2435014   0.00948779 -0.23479007  0.00871133 -0.22689817  0.0078919 ],0.83507264,1.0
[-0.21969649  0.00720167 -0.21321859  0.00647791 -0.20749382  0.00572476],0.8913403,1.0
[-0.20246314  0.00503069 -0.19814829  0.00431485 -0.19456758  0.00358071],0.80465347,1.0
[-0.19186596  0.00270162 -0.19005453  0.00181143 -0.18914065  0.00091388],0.79210323,1.0
"[-1.89146838e-01 -6.18839193e-06 -1.90073070e-01 -9.26232036e-04
 -1.91915604e-01 -1.84253384e-03]",0.6393799,1.0
[-0.19489603 -0.00298043 -0.1990021  -0.00410607 -0.20421666 -0.00521456],0.7018269,1.0
[-0.21042379 -0.00620713 -0.21759638 -0.00717259 -0.22570221 -0.00810583],0.52921915,1.0
[-0.23496268 -0.00926047 -0.24533353 -0.01037085 -0.25676345 -0.01142992],0.5181394,1.0
[-0.26921044 -0.01244699 -0.28260825 -0.01339781 -0.29688288 -0.01427464],0.9152329,1.0
[-0.31135694 -0.01447406 -0.32594456 -0.01458762 -0.34055639 -0.01461182],1.0,1.0
[-0.35497307 -0.01441668 -0.36910119 -0.01412812 -0.38284699 -0.01374581],0.99869645,1.0
[-0.3961193  -0.01327231 -0.40882652 -0.01270722 -0.42087959 -0.01205306],1.0,1.0
[-0.43219091 -0.01131132 -0.44267923 -0.01048832 -0.4522685  -0.00958927],0.94030976,1.0
[-0.46097821 -0.00870971 -0.46874436 -0.00776614 -0.47550959 -0.00676523],0.5881495,1.0
[-0.48175202 -0.00624243 -0.48742525 -0.00567323 -0.49248703 -0.00506178],0.90429306,1.0
[-0.49642536 -0.00393834 -0.49921083 -0.00278547 -0.50082261 -0.00161178],1.0,1.0
"[-5.01105079e-01 -2.82466410e-04 -5.00056120e-01  1.04895887e-03
 -4.97683584e-01  2.37253571e-03]",0.9870745,1.0
[-0.4940246   0.00365898 -0.48910653  0.00491808 -0.48296607  0.00614046],1.0,1.0
[-0.47562961  0.00733647 -0.46715167  0.00847794 -0.45759506  0.0095566 ],1.0,1.0
[-0.44703026  0.01056481 -0.43553468  0.01149558 -0.42319193  0.01234275],1.0,1.0
[-0.41009089  0.01310104 -0.3963248   0.01376609 -0.38199024  0.01433456],1.0,1.0
[-0.36718609  0.01480415 -0.35201245  0.01517364 -0.33656963  0.01544282],1.0,1.0
[-0.32095707  0.01561256 -0.30527243  0.01568464 -0.28961065  0.01566178],1.0,1.0
[-0.27406316  0.01554749 -0.25871722  0.01534594 -0.24365532  0.0150619 ],1.0,1.0
[-0.22895474  0.01470058 -0.21468725  0.01426748 -0.20091893  0.01376832],1.0,1.0
[-0.18771004  0.01320889 -0.17511513  0.01259491 -0.16318309  0.01193204],1.0,1.0
[-0.15195742  0.01122568 -0.14147643  0.01048098 -0.13177364  0.0097028 ],1.0,1.0
[-0.12287802  0.00889561 -0.11481446  0.00806356 -0.10760405  0.0072104 ],1.0,1.0
[-0.10126452  0.00633954 -0.0958105   0.00545402 -0.09125392  0.00455658],0.8896041,1.0
[-0.08776984  0.00348408 -0.08536519  0.00240465 -0.08404459  0.00132059],0.5038034,1.0
[-0.08438925 -0.00034466 -0.08639851 -0.00200926 -0.09006856 -0.00367005],0.5450513,1.0
[-0.09533032 -0.00526176 -0.10217296 -0.00684264 -0.1105815  -0.00840854],0.5606514,0.99999976
[-0.12051275 -0.00993125 -0.13194141 -0.01142866 -0.14483578 -0.01289438],0.689923,0.9999995
[-0.15896297 -0.01412719 -0.17427634 -0.01531337 -0.19072085 -0.01644451],1.0,0.9999995
[-0.20776719 -0.01704634 -0.22534342 -0.01757623 -0.24336981 -0.01802639],1.0,0.99999976
[-0.26175895 -0.01838914 -0.28041607 -0.01865712 -0.29923953 -0.01882345],1.0,0.99999976
[-0.31812147 -0.01888194 -0.33694873 -0.01882726 -0.35560386 -0.01865512],1.0,1.0
[-0.37396627 -0.01836242 -0.39191362 -0.01794735 -0.40932312 -0.0174095 ],1.0,1.0
[-0.426073   -0.01674988 -0.44204392 -0.01597093 -0.45712043 -0.0150765 ],1.0,1.0
[-0.47119222 -0.01407179 -0.48415545 -0.01296323 -0.49591381 -0.01175836],1.0,1.0
[-0.50637957 -0.01046576 -0.51547441 -0.00909485 -0.52313019 -0.00765577],1.0,1.0
[-0.52928947 -0.00615929 -0.53390608 -0.00461661 -0.5369454  -0.00303932],0.84274304,1.0
"[-5.38620529e-01 -1.67512902e-03 -5.38918918e-01 -2.98389445e-04
 -5.37838333e-01  1.08058574e-03]",0.895707,1.0
[-0.53530742  0.00253091 -0.53134515  0.00396227 -0.52598123  0.00536392],0.8190019,1.0
[-0.51937094  0.00661029 -0.51156385  0.00780709 -0.50261851  0.00894535],1.0,1.0
[-0.49233041  0.0102881  -0.48077648  0.01155393 -0.46804283  0.01273365],0.6468696,1.0
[-0.45475362  0.01328921 -0.44100679  0.01374684 -0.42690277  0.01410402],0.91615766,1.0
[-0.4121396   0.01476316 -0.39682266  0.01531695 -0.38105954  0.01576312],1.0,1.0
[-0.36483318  0.01622636 -0.34825304  0.01658013 -0.33142819  0.01682486],0.63733757,1.0
[-0.31501008  0.01641811 -0.29910027  0.01590982 -0.28379375  0.01530652],0.99972,1.0
[-0.26863501  0.01515874 -0.25370784  0.01492717 -0.23909125  0.01461659],1.0,1.0
[-0.22485866  0.01423259 -0.21107849  0.01378016 -0.19781362  0.01326487],1.0,1.0
[-0.1851213   0.01269232 -0.17305326  0.01206805 -0.1616558   0.01139746],1.0,1.0
[-0.15097007  0.01068573 -0.14103229  0.00993779 -0.13187406  0.00915823],1.0,1.0
[-0.12352272  0.00835134 -0.11600168  0.00752103 -0.10933078  0.0066709 ],1.0,1.0
[-0.10352661  0.00580417 -0.09860284  0.00492378 -0.09457047  0.00403236],1.0,1.0
[-0.09143817  0.0031323  -0.08921239  0.00222578 -0.08789761  0.00131478],1.0,1.0
[-0.08749642  0.00040119 -0.08800959 -0.00051317 -0.08943613 -0.00142654],1.0,1.0
[-0.09177322 -0.00233709 -0.09501616 -0.00324294 -0.09915821 -0.00414206],0.9809011,1.0
[-0.10421912 -0.0050609  -0.11018747 -0.00596835 -0.11704912 -0.00686165],0.91354144,0.99999976
[-0.1248879  -0.00783878 -0.13368295 -0.00879505 -0.14340932 -0.00972637],0.76080656,0.99999976
[-0.15426665 -0.01085733 -0.16621979 -0.01195314 -0.17922728 -0.01300749],0.7581969,0.99999976
[-0.19324472 -0.01401744 -0.20821639 -0.01497167 -0.22407868 -0.01586229],0.688797,0.99999976
[-0.24086385 -0.01678517 -0.25849106 -0.01762721 -0.27687031 -0.01837924],0.930336,0.99999976
[-0.29554011 -0.0186698  -0.31439449 -0.01885438 -0.33332141 -0.01892692],0.96648055,1.0
[-0.35214943 -0.01882803 -0.37075766 -0.01860822 -0.38902272 -0.01826506],0.7671519,1.0
[-0.40711918 -0.01809646 -0.42492084 -0.01780166 -0.44230109 -0.01738025],0.638039,1.0
[-0.45932799 -0.0170269  -0.47587688 -0.01654889 -0.49182541 -0.01594853],0.90605503,1.0
[-0.50665279 -0.01482738 -0.52024813 -0.01359534 -0.53250951 -0.01226139],1.0,1.0
[-0.54320408 -0.01069456 -0.55225169 -0.00904761 -0.55958466 -0.00733298],1.0,1.0
[-0.56514827 -0.00556361 -0.56890106 -0.00375279 -0.57081513 -0.00191407],1.0,1.0
"[-5.70876261e-01 -6.11298174e-05 -5.69083998e-01  1.79226370e-03
 -5.65451653e-01  3.63234518e-03]",1.0,1.0
[-0.56000623  0.00544542 -0.5527883   0.00721793 -0.54385173  0.00893657],0.8200689,1.0
[-0.53353325  0.01031848 -0.52191017  0.01162308 -0.50906965  0.01284052],0.7116588,1.0
[-0.49527058  0.01379907 -0.48061622  0.01465436 -0.46521585  0.01540037],0.8268369,1.0
[-0.44901087  0.01620499 -0.43212038  0.01689049 -0.41466714  0.01745324],1.0,1.0
[-0.39651643  0.01815071 -0.37779591  0.01872052 -0.35863438  0.01916153],0.75511783,1.0
[-0.33952751  0.01910687 -0.3205994   0.01892811 -0.30196873  0.01863067],1.0,1.0
[-0.28338049  0.01858824 -0.26494194  0.01843855 -0.24675442  0.01818753],1.0,1.0
[-0.22891262  0.0178418  -0.21150412  0.0174085  -0.19460902  0.0168951 ],0.97477627,1.0
[-0.17833765  0.01627137 -0.16275478  0.01558288 -0.14791761  0.01483717],1.0,1.0
[-0.1338383   0.0140793  -0.12056018  0.01327813 -0.10812031  0.01243987],1.0,1.0
[-0.09655008  0.01157023 -0.08587571  0.01067437 -0.07611883  0.00975688],1.0,1.0
[-0.06729705  0.00882178 -0.05942449  0.00787256 -0.05251231  0.00691218],1.0,1.0
[-0.04656918  0.00594314 -0.04160168  0.00496749 -0.03761474  0.00398694],0.75824565,1.0
"[-3.49745358e-02  2.64020844e-03 -3.36832103e-02  1.29132550e-03
 -3.37417634e-02 -5.85531050e-05]",0.9154579,1.0
[-0.03491433 -0.00117257 -0.03720001 -0.00228568 -0.04059696 -0.00339694],1.0,0.99999976
[-0.04497538 -0.00437842 -0.05033108 -0.0053557  -0.05665834 -0.00632726],1.0,0.99999976
[-0.06394957 -0.00729123 -0.07219493 -0.00824536 -0.08138189 -0.00918696],1.0,0.9999995
[-0.0914947  -0.01011282 -0.10251393 -0.01101923 -0.11441586 -0.01190193],1.0,0.9999995
[-0.12717196 -0.0127561  -0.14074831 -0.01357635 -0.15510509 -0.01435678],1.0,0.9999995
[-0.17019607 -0.01509098 -0.18596819 -0.01577212 -0.20236123 -0.01639304],1.0,0.9999995
[-0.21930755 -0.01694633 -0.23673204 -0.01742449 -0.25455211 -0.01782007],1.0,0.99999976
[-0.27267796 -0.01812585 -0.29101296 -0.018335   -0.30945421 -0.01844125],0.92057717,1.0
[-0.32801245 -0.01855825 -0.34657399 -0.01856154 -0.36502082 -0.01844683],1.0,1.0
[-0.38311263 -0.0180918  -0.40072716 -0.01761453 -0.4177425  -0.01701534],1.0,1.0
[-0.43403849 -0.01629599 -0.44949813 -0.01545964 -0.46400895 -0.01451083],1.0,1.0
[-0.47746433 -0.01345537 -0.48976461 -0.01230028 -0.5008182  -0.0110536 ],1.0,1.0
[-0.51054252 -0.00972432 -0.51886474 -0.00832222 -0.52572246 -0.00685772],1.0,1.0
[-0.53106425 -0.00534179 -0.53485006 -0.00378581 -0.5370515  -0.00220144],1.0,1.0
[-0.53765207 -0.00060057 -0.53664727  0.0010048  -0.53404463  0.00260264],1.0,1.0
[-0.52986367  0.00418097 -0.52413571  0.00572795 -0.51690374  0.00723198],0.7291826,1.0
[-0.50862819  0.00827554 -0.49937112  0.00925708 -0.48920181  0.0101693 ],0.6205077,1.0
[-0.47835927  0.01084254 -0.46692422  0.01143505 -0.45498142  0.0119428 ],0.97238916,1.0
[-0.44209104  0.01289038 -0.42834732  0.01374373 -0.41384971  0.01449761],1.0,1.0
[-0.39866043  0.01518928 -0.3828864   0.01577403 -0.36663665  0.01624975],1.0,1.0
[-0.35002108  0.01661556 -0.33314931  0.01687177 -0.31612946  0.01701985],1.0,1.0
[-0.29906709  0.01706237 -0.28206422  0.01700287 -0.26521844  0.01684577],1.0,1.0
[-0.24862221  0.01659623 -0.23236223  0.01625998 -0.21651903  0.01584319],0.78768647,1.0
[-0.20148519  0.01503384 -0.18732685  0.01415834 -0.17410248  0.01322437],0.8365498,1.0
[-0.16178996  0.01231252 -0.15043387  0.01135609 -0.14007266  0.01036121],0.8004181,1.0
[-0.13079332  0.00927934 -0.12262336  0.00816996 -0.11558551  0.00703785],0.60172933,1.0
[-0.10999626  0.00558924 -0.10586954  0.00412672 -0.10321518  0.00265436],0.76470035,1.0
[-0.10179488  0.0014203  -0.10161186  0.00018302 -0.10266652 -0.00105467],1.0,1.0
[-0.10460354 -0.00193702 -0.10741848 -0.00281493 -0.11110472 -0.00368624],1.0,1.0
[-0.11565337 -0.00454865 -0.12105304 -0.00539968 -0.12728966 -0.00623662],1.0,1.0
[-0.13434621 -0.00705655 -0.14220244 -0.00785623 -0.15083461 -0.00863217],1.0,0.99999976
[-0.16021517 -0.00938056 -0.17031247 -0.0100973  -0.18109048 -0.01077801],1.0,0.99999976
[-0.19250855 -0.01141807 -0.20452116 -0.01201261 -0.21707778 -0.01255661],1.0,1.0
[-0.23012273 -0.01304496 -0.24359522 -0.01347248 -0.25742933 -0.01383411],0.87323725,1.0
[-0.27174437 -0.01431504 -0.28646381 -0.01471944 -0.30150563 -0.01504183],0.639949,1.0
[-0.3171327  -0.01562707 -0.33325121 -0.01611851 -0.34976106 -0.01650986],0.381347,1.0
[-0.36694438 -0.01718332 -0.38468781 -0.01774343 -0.40287116 -0.01818335],0.7669783,1.0
[-0.42078983 -0.01791867 -0.43831693 -0.0175271  -0.45532623 -0.0170093 ],0.987833,1.0
[-0.47136225 -0.01603602 -0.48630669 -0.01494444 -0.50004848 -0.0137418 ],1.0,1.0
[-0.51246676 -0.01241828 -0.52346852 -0.01100175 -0.53297125 -0.00950273],0.9013712,1.0
[-0.54105163 -0.00808039 -0.54764913 -0.0065975  -0.55271435 -0.00506522],1.0,1.0
"[-5.56061476e-01 -3.34712839e-03 -5.57665519e-01 -1.60404281e-03
 -5.57514505e-01  1.51013212e-04]",0.91142964,1.0
[-0.55574242  0.00177209 -0.55236248  0.00337994 -0.54739994  0.00496254],0.9926748,1.0
[-0.54077003  0.00662991 -0.53252238  0.00824765 -0.5227188   0.00980358],0.5147044,1.0
[-0.51214977  0.01056904 -0.50089452  0.01125524 -0.48903737  0.01185715],0.7255482,1.0
[-0.47635065  0.01268673 -0.46292878  0.01342187 -0.4488711   0.01405768],1.0,1.0
[-0.4338692   0.0150019  -0.41803217  0.01583703 -0.40147372  0.01655845],1.0,1.0
[-0.38431085  0.01716286 -0.36666251  0.01764834 -0.34864819  0.01801432],0.84917134,1.0
[-0.33061282  0.01803537 -0.31267157  0.01794125 -0.29493504  0.01773653],1.0,1.0
[-0.27728211  0.01765293 -0.25981297  0.01746915 -0.24262209  0.01719088],1.0,1.0
[-0.2257977   0.01682439 -0.20942134  0.01637637 -0.19356759  0.01585374],1.0,1.0
[-0.17830404  0.01526355 -0.16369128  0.01461277 -0.14978308  0.0139082 ],0.944496,1.0
[-0.13670996  0.01307312 -0.12451277  0.01219719 -0.11322645  0.01128633],0.85662127,1.0
[-0.10301234  0.01021411 -0.09389487  0.00911747 -0.08589394  0.00800093],1.0,1.0
[-0.07881047  0.00708347 -0.07265744  0.00615302 -0.06744527  0.00521218],0.97752446,1.0
[-0.0632158   0.00422946 -0.05997523  0.00324057 -0.05772801  0.00224722],1.0,1.0
[-0.05644339  0.00128462 -0.05612302  0.00032037 -0.0567673  -0.00064428],0.80852574,1.0
[-0.05866262 -0.00189532 -0.06180654 -0.00314392 -0.06619482 -0.00438828],0.9439142,0.99999976
[-0.07161809 -0.00542327 -0.07806802 -0.00644992 -0.08553381 -0.0074658 ],0.66768616,0.99999976
[-0.09441623 -0.00888241 -0.1046975  -0.01028127 -0.11635493 -0.01165743],0.9521553,0.9999995
[-0.12893336 -0.01257843 -0.14239885 -0.0134655  -0.15671145 -0.01431259],1.0,0.9999995
[-0.17175281 -0.01504136 -0.18746959 -0.01571678 -0.20380129 -0.01633171],0.8734175,0.9999995
[-0.22086998 -0.01706869 -0.23859952 -0.01772954 -0.25690535 -0.01830583],0.8770125,0.99999976
[-0.2756892  -0.01878385 -0.29485012 -0.01916092 -0.31427961 -0.01942949],0.8509042,0.99999976
[-0.33390148 -0.01962187 -0.35359416 -0.01969268 -0.37323096 -0.0196368 ],1.0,1.0
[-0.39245766 -0.0192267  -0.41114273 -0.01868508 -0.42915532 -0.01801259],1.0,1.0
[-0.4463668  -0.01721148 -0.46265235 -0.01628555 -0.47789245 -0.0152401 ],1.0,1.0
[-0.49197427 -0.01408183 -0.50479293 -0.01281865 -0.51625255 -0.01145962],1.0,1.0
[-0.52626727 -0.01001472 -0.53476197 -0.0084947  -0.54167297 -0.00691099],1.0,1.0
[-0.54694847 -0.0052755  -0.550549   -0.00360052 -0.55244761 -0.00189862],1.0,1.0
"[-5.52630136e-01 -1.82521981e-04 -5.51095198e-01  1.53493806e-03
 -5.47854271e-01  3.24092743e-03]",1.0,1.0
[-0.54293159  0.00492268 -0.53636399  0.0065676  -0.52820068  0.00816331],1.0,1.0
[-0.51850285  0.00969783 -0.50734324  0.01115961 -0.4948055   0.01253774],0.83026564,1.0
[-0.48123804  0.01356746 -0.46674204  0.01449601 -0.45142499  0.01531704],0.7710789,1.0
[-0.43548842  0.01593658 -0.41904838  0.01644004 -0.40222306  0.01682532],0.66349614,1.0
[-0.38529283  0.01693023 -0.36837514  0.01691769 -0.35158476  0.01679038],0.91475123,1.0
[-0.33465586  0.0169289  -0.31769724  0.01695863 -0.3008144   0.01688284],1.0,1.0
[-0.28398079  0.0168336  -0.26729349  0.0166873  -0.25084459  0.01644891],0.71074736,1.0
[-0.23515446  0.01569013 -0.22030148  0.01485297 -0.20635598  0.0139455 ],0.81959337,1.0
[-0.19321714  0.01313884 -0.18094054  0.0122766  -0.16957519  0.01136535],0.92037064,1.0
[-0.1590127   0.01056249 -0.14929055  0.00972215 -0.14044127  0.00884928],0.86016786,1.0
[-0.13258311  0.00785816 -0.12573954  0.00684357 -0.11992994  0.00580959],0.86572427,1.0
[-0.11516169  0.00476825 -0.11144712  0.00371456 -0.10879554  0.00265158],0.8621252,1.0
[-0.10721879  0.00157675 -0.10672063  0.00049816 -0.10730225 -0.00058162],1.0,1.0
[-0.10875545 -0.0014532  -0.11107676 -0.00232131 -0.11426056 -0.00318379],0.67119926,1.0
[-0.11879211 -0.00453155 -0.12465978 -0.00586767 -0.13184785 -0.00718807],0.7143077,1.0
[-0.14027143 -0.00842358 -0.14990544 -0.00963401 -0.16071941 -0.01081397],1.0,0.99999976
[-0.17224838 -0.01152897 -0.18445093 -0.01220254 -0.19728039 -0.01282946],1.0,0.99999976
[-0.21068464 -0.01340425 -0.22460593 -0.01392129 -0.23898083 -0.0143749 ],0.7628469,0.99999976
[-0.25409601 -0.01511518 -0.26987506 -0.01577905 -0.28623427 -0.01635921],0.27431735,1.0
[-0.30381555 -0.01758128 -0.32251686 -0.01870131 -0.34222499 -0.01970813],0.6084342,1.0
[-0.36231464 -0.02008965 -0.38265462 -0.02033998 -0.40310781 -0.02045319],0.34624177,1.0
[-0.42392576 -0.02081796 -0.44496081 -0.02103505 -0.46606083 -0.02110002],0.59064245,1.0
[-0.48670428 -0.02064345 -0.50673791 -0.02003363 -0.52601198 -0.01927407],0.8094811,1.0
[-0.54405373 -0.01804175 -0.56072794 -0.01667421 -0.57591004 -0.0151821 ],0.8187436,1.0
[-0.58947329 -0.01356325 -0.60131758 -0.01184429 -0.61135613 -0.01003855],0.56840545,1.0
[-0.61989147 -0.00853534 -0.62686201 -0.00697054 -0.63221779 -0.00535578],0.37358204,1.0
[-0.6362129  -0.00399511 -0.63881901 -0.00260611 -0.64001769 -0.00119869],0.45764562,1.0
"[-6.39674412e-01  3.43280714e-04 -6.37791584e-01  1.88282834e-03
 -6.34382495e-01  3.40908878e-03]",0.2708201,1.0
[-0.62975151  0.00463099 -0.62393154  0.00581997 -0.61696415  0.00696739],0.3939946,1.0
[-0.60871465  0.0082495  -0.59924271  0.00947194 -0.5886173   0.01062541],0.5263799,1.0
[-0.57671777  0.01189953 -0.56363196  0.01308581 -0.54945705  0.01417491],0.766268,1.0
[-0.533939    0.01551805 -0.517194    0.01674499 -0.49934764  0.01784636],0.95330083,1.0
[-0.48025305  0.01909459 -0.46005269  0.02020036 -0.43889609  0.0211566 ],0.5085878,1.0
[-0.41760506  0.02129103 -0.39633277  0.02127229 -0.37522908  0.02110369],0.37861583,1.0
[-0.35463385  0.02059523 -0.33468437  0.01994949 -0.31550917  0.01917519],0.14999579,1.0
[-0.29757025  0.01793893 -0.28097459  0.01659566 -0.26581714  0.01515745],0.18970536,1.0
[-0.25212146  0.01369567 -0.23995957  0.01216189 -0.22939283  0.01056674],0.41699782,1.0
[-0.22013161  0.00926122 -0.21221926  0.00791234 -0.20569164  0.00652762],0.6660664,1.0
[-0.20020385  0.00548779 -0.19577944  0.00442441 -0.19243698  0.00334246],0.75137085,1.0
[-0.19006229  0.00237469 -0.18866505  0.00139724 -0.18825089  0.00041416],0.95906615,1.0
[-0.18850993 -0.00025904 -0.18944114 -0.00093121 -0.19104075 -0.00159962],0.9044217,1.0
[-0.19338427 -0.00234351 -0.1964621  -0.00307783 -0.2002615  -0.0037994 ],1.0,1.0
[-0.20462313 -0.00436163 -0.20952833 -0.0049052  -0.21495567 -0.00542735],1.0,1.0
[-0.22088097 -0.0059253  -0.22727719 -0.00639622 -0.23411446 -0.00683727],1.0,1.0
[-0.24136005 -0.00724559 -0.24897842 -0.00761837 -0.25693122 -0.0079528 ],1.0,1.0
[-0.26517742 -0.0082462  -0.27367338 -0.00849596 -0.28237303 -0.00869965],1.0,1.0
[-0.29122804 -0.00885501 -0.30018806 -0.00896002 -0.30920101 -0.00901294],1.0,1.0
[-0.31821334 -0.00901233 -0.32717042 -0.00895709 -0.33601692 -0.0088465 ],0.93630254,1.0
[-0.34479275 -0.00877582 -0.35344177 -0.00864902 -0.36190781 -0.00846604],1.0,1.0
[-0.37003953 -0.00813172 -0.37778264 -0.00774311 -0.38508482 -0.00730218],1.0,1.0
