State,Action,Action wo Noise
[-0.58793379  0.         -0.58793379  0.         -0.58793379  0.        ],1.0,0.77949035
[-0.58595427  0.00197952 -0.5820098   0.00394447 -0.57612949  0.00588031],1.0,0.827518
[-0.56835683  0.00777266 -0.55874949  0.00960734 -0.54737901  0.01137048],1.0,0.8643961
[-0.53433033  0.01304868 -0.51970117  0.01462915 -0.50360125  0.01609992],1.0,0.8826674
[-0.48615122  0.01745003 -0.46748145  0.01866977 -0.44773058  0.01975087],1.0,0.8859664
[-0.42704382  0.02068676 -0.40557114  0.02147268 -0.38346529  0.02210586],1.0,0.87548554
[-0.36087974  0.02258554 -0.3379667   0.02291304 -0.31487504  0.02309166],0.86620677,0.8440552
[-0.29194919  0.02292585 -0.26932489  0.0226243  -0.2471287   0.0221962 ],0.6557859,0.77449644
[-0.22579265  0.02133604 -0.20542098  0.02037167 -0.18610573  0.01931524],0.45792943,0.6416776
[-0.16822397  0.01788177 -0.15184364  0.01638033 -0.13702148  0.01482215],-0.375018,0.42189646
[-0.1250536   0.01196789 -0.11597436  0.00907924 -0.10980785  0.0061665 ],-0.30609477,0.07808983
[-0.10646606  0.00334179 -0.10595698  0.00050909 -0.10828179 -0.00232481],-0.14863788,-0.22534853
[-0.11319881 -0.00491702 -0.12069601 -0.0074972  -0.13075406 -0.01005805],-0.04717456,-0.3879413
[-0.143193   -0.01243893 -0.15797554 -0.01478255 -0.17505331 -0.01707777],-0.78485984,-0.43331885
[-0.19547148 -0.02041817 -0.21914926 -0.02367778 -0.24598322 -0.02683396],0.030214146,-0.43797046
[-0.27462148 -0.02863826 -0.3049129  -0.03029142 -0.33668398 -0.03177109],-0.29292896,-0.2792222
[-0.37022401 -0.03354002 -0.40531357 -0.03508957 -0.44171117 -0.0363976 ],-0.15290238,-0.024901092
[-0.47894612 -0.03723495 -0.51674432 -0.0377982  -0.55482327 -0.03807896],-0.04647574,0.310104
[-0.5927381  -0.03791483 -0.63020781 -0.03746971 -0.66696122 -0.03675341],0.26089144,0.6217272
[-0.70228092 -0.0353197  -0.73593243 -0.03365151 -0.76770564 -0.03177321],1.0,0.8262706
[-0.79630735 -0.02860171 -0.8215844  -0.02527705 -0.84341256 -0.02182816],1.0,0.9271997
[-0.86169354 -0.01828098 -0.87635176 -0.01465822 -0.88733123 -0.01097947],1.0,0.9663918
"[-8.94592748e-01 -7.26151636e-03 -8.98111712e-01 -3.51896475e-03
 -8.97876586e-01  2.35126752e-04]",1.0,0.9818773
[-0.89388813  0.00398846 -0.88615946  0.00772867 -0.87471692  0.01144255],1.0,0.98876035
[-0.85960165  0.01511527 -0.84087196  0.01872969 -0.81860608  0.02226587],1.0,0.9922056
[-0.79290539  0.0257007  -0.76389756  0.02900783 -0.73173959  0.03215797],1.0,0.9936106
[-0.69662005  0.03511954 -0.65876034  0.03785971 -0.61841446  0.04034587],1.0,0.9933946
[-0.57586703  0.04254744 -0.53142918  0.04443785 -0.48543261  0.04599657],1.0,0.99087393
[-0.43822166  0.04721095 -0.39014406  0.0480776  -0.34154085  0.04860321],1.0,0.982553
[-0.29273619  0.04880466 -0.24402786  0.04870833 -0.19567898  0.04834887],0.89932543,0.956722
[-0.14806258  0.0476164  -0.1013546   0.04670799 -0.05568294  0.04567166],0.29069182,0.86819744
[-0.01204045  0.04364249  0.02953972  0.04158016  0.06906573  0.03952601],0.36902982,0.5469878
[0.10669875 0.03763303 0.14251231 0.03581356 0.17660444 0.03409213],-0.8851616,-0.083235085
[0.20721158 0.03060713 0.23445865 0.02724707 0.25847132 0.02401267],-1.0,-0.64509255
[0.27919866 0.02072734 0.29675288 0.01755422 0.31123407 0.01448119],-1.0,-0.86625445
[0.3227281  0.01149403 0.33130515 0.00857704 0.33701866 0.00571351],-1.0,-0.9373108
"[ 3.39904754e-01  2.88609658e-03  3.39981827e-01  7.70730515e-05
  3.37250369e-01 -2.73145797e-03]",-1.0,-0.9634124
[ 0.33169297 -0.0055574   0.32327448 -0.00841849  0.31194237 -0.01133211],-1.0,-0.9746904
[ 0.29762738 -0.01431499  0.28024447 -0.01738291  0.25969427 -0.0205502 ],-1.0,-0.97986805
[ 0.23586517 -0.0238291   0.20863626 -0.02722892  0.17788126 -0.03075499],-1.0,-0.9818096
[ 0.14347387 -0.03440739  0.1052945  -0.03817937  0.06323883 -0.04205567],-1.0,-0.98073095
[ 0.01722801 -0.04601082 -0.03277946 -0.05000748 -0.08677486 -0.0539954 ],-1.0,-0.97418785
[-0.14468603 -0.05791117 -0.20636536 -0.06167933 -0.2715807  -0.06521534],-1.0,-0.95317584
[-0.34001119 -0.06843048 -0.41001119 -0.07       -0.48001119 -0.07      ],-1.0,-0.8732039
[-0.55001119 -0.07       -0.62001119 -0.07       -0.69001119 -0.07      ],-0.61585915,-0.5644082
[-0.75973808 -0.0697269  -0.82876219 -0.0690241  -0.89672793 -0.06796574],-0.06201315,0.033800364
[-0.9625371  -0.06580918 -1.0260195  -0.0634824  -1.08709996 -0.06108046],0.37858388,0.62466776
[-1.14513044 -0.05803048 -1.2         0.         -1.19719023  0.00280977],0.9345213,0.9785738
[-1.19072753  0.0064627  -1.18059126  0.01013628 -1.16675072  0.01384053],1.0,0.9954492
[-1.14906927  0.01768146 -1.12750366  0.02156561 -1.10201025  0.02549341],1.0,0.996791
[-1.07255056  0.02945968 -1.03909811  0.03345246 -1.00164639  0.03745172],1.0,0.9974017
[-0.96021797  0.04142841 -0.91487419  0.04534378 -0.86572482  0.04914937],1.0,0.9977385
[-0.81293687  0.05278795 -0.7567413   0.05619556 -0.69743629  0.05930501],1.0,0.99765885
[-0.6353858   0.06205049 -0.57101253  0.06437327 -0.50478485  0.06622767],1.0,0.99670815
[-0.43719821  0.06758665 -0.36875233  0.06844587 -0.29992649  0.06882585],0.79489267,0.99329627
[-0.23146276  0.06846373 -0.16372781  0.06773495 -0.09700495  0.06672285],1.0,0.9794698
[-0.03117698  0.06582797  0.03366191  0.0648389   0.09751355  0.06385163],1.0,0.92008483
[0.1604714  0.06295785 0.2227134  0.062242   0.28449295 0.06177956],0.26686835,0.69076276
