State,Action,Action wo Noise
[-0.41250662  0.         -0.41250662  0.         -0.41250662  0.        ],0.7914077,1.0
"[-4.12137365e-01  3.69259186e-04 -4.11401463e-01  7.35901819e-04
 -4.10304130e-01  1.09733289e-03]",0.78340846,1.0
[-0.40886513  0.001439   -0.40709463  0.0017705  -0.40500511  0.00208952],1.0,1.0
[-0.4022864   0.00271871 -0.39895758  0.00332882 -0.39504194  0.00391564],1.0,1.0
[-0.39056675  0.00447519 -0.38556302  0.00500373 -0.38006523  0.00549779],1.0,1.0
[-0.37411097  0.00595425 -0.36774067  0.0063703  -0.36099718  0.00674349],1.0,1.0
[-0.35392541  0.00707177 -0.34657194  0.00735347 -0.33898463  0.00758731],0.9698345,1.0
[-0.33125747  0.00772716 -0.32343939  0.00781808 -0.31557915  0.00786024],1.0,1.0
[-0.30767974  0.00789941 -0.29978883  0.00789091 -0.29195319  0.00783564],1.0,1.0
[-0.28421839  0.0077348  -0.27662855  0.00758984 -0.26922612  0.00740244],1.0,1.0
[-0.26205163  0.00717449 -0.25514357  0.00690806 -0.24853822  0.00660535],1.0,1.0
[-0.24226954  0.00626867 -0.23636912  0.00590043 -0.23086605  0.00550307],1.0,1.0
[-0.22578695  0.00507909 -0.22115593  0.00463102 -0.21699457  0.00416137],1.0,1.0
[-0.21332192  0.00367265 -0.21015456  0.00316736 -0.20750659  0.00264797],0.92247134,1.0
[-0.20550595  0.00200065 -0.20416133  0.00134461 -0.20347857  0.00068276],1.0,1.0
"[-2.03344300e-01  1.34268077e-04 -2.03759105e-01 -4.14804847e-04
 -2.04721199e-01 -9.62093890e-04]",1.0,1.0
[-0.20622643 -0.00150523 -0.20826828 -0.00204185 -0.21083782 -0.00256954],1.0,1.0
[-0.21392372 -0.0030859  -0.21751221 -0.00358849 -0.22158707 -0.00407486],1.0,1.0
[-0.22612958 -0.00454252 -0.23111856 -0.00498898 -0.23653031 -0.00541174],1.0,1.0
[-0.24233862 -0.00580831 -0.24851484 -0.00617622 -0.25502785 -0.00651301],1.0,1.0
[-0.26184418 -0.00681633 -0.26892803 -0.00708385 -0.27624145 -0.00731341],1.0,1.0
[-0.2837444  -0.00750296 -0.291395   -0.0076506  -0.29914965 -0.00775465],1.0,1.0
[-0.30696332 -0.00781367 -0.31478977 -0.00782645 -0.32258185 -0.00779208],1.0,1.0
[-0.33029183 -0.00770998 -0.3378717  -0.00757987 -0.34527356 -0.00740186],1.0,1.0
[-0.35244997 -0.00717641 -0.35935433 -0.00690437 -0.36594129 -0.00658696],1.0,1.0
[-0.37216708 -0.00622579 -0.37798995 -0.00582286 -0.38337048 -0.00538053],1.0,1.0
[-0.38827197 -0.00490149 -0.39266076 -0.00438879 -0.39650653 -0.00384577],1.0,1.0
[-0.39978256 -0.00327603 -0.40246601 -0.00268345 -0.40453809 -0.00207208],0.7914933,1.0
[-0.40629701 -0.00175893 -0.40773042 -0.0014334  -0.4088282  -0.00109778],0.79481447,1.0
"[-4.09577632e-01 -7.49432303e-04 -4.09973422e-01 -3.95789825e-04
 -4.10012772e-01 -3.93503106e-05]",1.0,1.0
[-0.40938763  0.00062515 -0.4081024   0.00128522 -0.40616617  0.00193623],1.0,1.0
[-0.40359258  0.00257359 -0.40039972  0.00319286 -0.39660996  0.00378976],1.0,1.0
[-0.39224974  0.00436022 -0.38734934  0.0049004  -0.3819426   0.00540674],1.0,1.0
[-0.37606658  0.00587601 -0.36976129  0.0063053  -0.36306925  0.00669204],1.0,1.0
[-0.35603518  0.00703407 -0.34870557  0.00732961 -0.3411283   0.00757727],1.0,1.0
[-0.33335223  0.00777607 -0.3254268   0.00792543 -0.31740164  0.00802516],1.0,1.0
[-0.30932619  0.00807544 -0.30124938  0.00807681 -0.29321924  0.00803014],1.0,1.0
[-0.28528264  0.0079366  -0.27748499  0.00779765 -0.26986999  0.007615  ],1.0,1.0
[-0.26247944  0.00739055 -0.25535305  0.00712639 -0.24852829  0.00682477],1.0,1.0
[-0.24204025  0.00648804 -0.23592159  0.00611865 -0.23020249  0.00571911],1.0,1.0
[-0.22491053  0.00529196 -0.22007075  0.00483977 -0.21570563  0.00436512],1.0,1.0
[-0.21183508  0.00387056 -0.20847645  0.00335863 -0.20564461  0.00283185],0.9776232,1.0
[-0.20338546  0.00225914 -0.20170879  0.00167668 -0.20062175  0.00108704],0.99548554,1.0
"[-2.00102183e-01  5.19564418e-04 -2.00152296e-01 -5.01134807e-05
 -2.00771875e-01 -6.19579040e-04]",0.98290926,1.0
[-0.20197716 -0.00120528 -0.203763   -0.00178585 -0.20612176 -0.00235875],1.0,1.0
[-0.20901758 -0.00289582 -0.2124378  -0.00342022 -0.21636727 -0.00392947],1.0,1.0
[-0.2207883  -0.00442103 -0.22568069 -0.00489238 -0.23102164 -0.00534096],1.0,1.0
[-0.23678583 -0.00576419 -0.24294534 -0.00615951 -0.24946972 -0.00652438],1.0,1.0
[-0.25632603 -0.00685631 -0.2634789  -0.00715287 -0.27089061 -0.00741171],1.0,1.0
[-0.27852122 -0.00763061 -0.28632872 -0.00780751 -0.29426924 -0.00794052],1.0,1.0
[-0.30229723 -0.00802798 -0.3103657  -0.00806847 -0.31842656 -0.00806086],1.0,1.0
[-0.32643087 -0.00800431 -0.33432921 -0.00789834 -0.34207201 -0.0077428 ],1.0,1.0
[-0.34960996 -0.00753795 -0.35689437 -0.00728441 -0.36387759 -0.00698322],1.0,1.0
[-0.37051341 -0.00663582 -0.37675743 -0.00624402 -0.38256749 -0.00581005],1.0,1.0
[-0.387904   -0.00533651 -0.39273035 -0.00482635 -0.39701319 -0.00428284],1.0,1.0
[-0.40072276 -0.00370958 -0.40383318 -0.00311042 -0.40632263 -0.00248946],1.0,1.0
[-0.40817363 -0.00185099 -0.40937311 -0.00119948 -0.40991262 -0.00053951],1.0,1.0
"[-4.09788341e-01  1.24279376e-04 -4.09001152e-01  7.87189083e-04
 -4.07556614e-01  1.44453801e-03]",1.0,1.0
[-0.40546492  0.00209169 -0.4027408   0.00272412 -0.39940338  0.00333742],0.87728405,1.0
[-0.3956601   0.00374328 -0.39153705  0.00412305 -0.38706283  0.00447422],1.0,1.0
[-0.38208423  0.0049786  -0.37663539  0.00544884 -0.37075342  0.00588197],0.9046116,1.0
[-0.36462111  0.0061323  -0.35827954  0.00634158 -0.35177072  0.00650881],0.9981359,1.0
[-0.3449971   0.00677362 -0.33800261  0.00699449 -0.33083206  0.00717054],1.0,1.0
[-0.32352803  0.00730404 -0.31613603  0.00739199 -0.30870148  0.00743455],1.0,1.0
[-0.30126931  0.00743217 -0.29388369  0.00738561 -0.28658777  0.00729592],1.0,1.0
[-0.2794234   0.00716438 -0.27243089  0.0069925  -0.26564888  0.00678201],1.0,1.0
[-0.25911411  0.00653477 -0.25286129  0.00625282 -0.24692299  0.0059383 ],0.91407305,1.0
[-0.24145846  0.00546453 -0.2364951   0.00496336 -0.23205738  0.00443772],1.0,1.0
[-0.22803791  0.00401947 -0.2244559   0.00358202 -0.22132819  0.0031277 ],0.9389214,1.0
[-0.21876096  0.00256723 -0.21676602  0.00199495 -0.21535245  0.00141357],0.8207612,1.0
"[-2.14703897e-01  6.48552054e-04 -2.14823287e-01 -1.19389893e-04
 -2.15710081e-01 -8.86794020e-04]",1.0,1.0
[-0.21709142 -0.00138134 -0.21896104 -0.00186962 -0.2213104  -0.00234937],1.0,1.0
[-0.22412871 -0.00281831 -0.22740286 -0.00327415 -0.23111746 -0.0037146 ],0.77678615,1.0
[-0.23558966 -0.00447219 -0.24079783 -0.00520818 -0.24671639 -0.00591856],0.68765163,1.0
[-0.25344939 -0.006733   -0.26096241 -0.00751302 -0.26921615 -0.00825374],0.74285495,1.0
[-0.2780836  -0.00886745 -0.28751611 -0.0094325  -0.29746059 -0.00994448],0.730821,1.0
[-0.30787774 -0.01041715 -0.31870597 -0.01082823 -0.32987971 -0.01117374],0.9205863,1.0
[-0.34104505 -0.01116534 -0.35213124 -0.01108619 -0.36306659 -0.01093535],0.9524837,1.0
[-0.37373119 -0.01066461 -0.3840536  -0.0103224  -0.39396356 -0.00990996],1.0,1.0
[-0.40332146 -0.0093579  -0.412062   -0.00874053 -0.42012353 -0.00806154],0.8263434,1.0
[-0.42770921 -0.00758568 -0.43476468 -0.00705546 -0.44123902 -0.00647434],0.79535526,1.0
[-0.44713176 -0.00589274 -0.45239996 -0.0052682  -0.45700506 -0.0046051 ],0.6918625,1.0
[-0.4610685  -0.00406345 -0.46456039 -0.00349188 -0.46745495 -0.00289457],1.0,1.0
"[-4.69268608e-01 -1.81365629e-03 -4.69987939e-01 -7.19330784e-04
 -4.69607620e-01  3.80319146e-04]",1.0,1.0
[-0.46813047  0.00147715 -0.46556741  0.00256306 -0.46193739  0.00363002],1.0,1.0
[-0.4572672   0.00467019 -0.45159122  0.00567598 -0.4449511   0.00664012],1.0,1.0
[-0.43739539  0.00755572 -0.42897901  0.00841637 -0.4197628   0.00921622],1.0,1.0
[-0.40981282  0.00994998 -0.39919976  0.01061306 -0.38799818  0.01120158],1.0,1.0
[-0.37628579  0.01171239 -0.36414263  0.01214316 -0.3516503   0.01249233],1.0,1.0
[-0.33889114  0.01275915 -0.32594748  0.01294366 -0.31290085  0.01304663],0.85000134,1.0
[-0.30005631  0.01284454 -0.28749046  0.01256585 -0.27527602  0.01221445],1.0,1.0
[-0.26325644  0.01201957 -0.25149689  0.01175955 -0.24005889  0.011438  ],1.0,1.0
[-0.22900012  0.01105878 -0.21837422  0.0106259  -0.20823076  0.01014346],1.0,1.0
[-0.19861515  0.00961561 -0.18956873  0.00904642 -0.18112881  0.00843992],1.0,1.0
[-0.17332879  0.00780002 -0.16619834  0.00713045 -0.15976352  0.00643481],1.0,1.0
[-0.15404701  0.00571651 -0.14906825  0.00497876 -0.14484364  0.00422461],1.0,1.0
[-0.1413867   0.00345694 -0.13870822  0.00267848 -0.1368164   0.00189182],1.0,1.0
[-0.13571693  0.00109947 -0.13541309  0.00030384 -0.13590579 -0.0004927 ],1.0,1.0
[-0.13719356 -0.00128777 -0.13927255 -0.00207899 -0.14213648 -0.00286393],0.9950983,1.0
[-0.14578391 -0.00364743 -0.15020338 -0.00441947 -0.15538065 -0.00517728],1.0,1.0
[-0.1612912  -0.00591055 -0.16791475 -0.00662355 -0.17522775 -0.007313  ],1.0,1.0
[-0.18320321 -0.00797545 -0.19181048 -0.00860728 -0.20101515 -0.00920467],1.0,1.0
[-0.21077885 -0.0097637  -0.22105918 -0.01028032 -0.2318096  -0.01075042],1.0,1.0
[-0.24297947 -0.01116987 -0.25451404 -0.01153457 -0.26635459 -0.01184055],0.96844476,1.0
[-0.27848593 -0.01213133 -0.29084168 -0.01235576 -0.30335201 -0.01251033],0.945572,1.0
[-0.31597824 -0.01262622 -0.32864451 -0.01266627 -0.34127263 -0.01262812],1.0,1.0
[-0.35370103 -0.0124284  -0.3658492  -0.01214817 -0.37763682 -0.01178762],1.0,1.0
[-0.38898451 -0.01134769 -0.39981458 -0.01083007 -0.41005185 -0.01023726],0.91941965,1.0
[-0.41974521 -0.00969336 -0.4288258  -0.00908059 -0.43722853 -0.00840272],0.8710105,1.0
[-0.44496529 -0.00773676 -0.45197983 -0.00701454 -0.45822087 -0.00624105],0.97883064,1.0
[-0.46348087 -0.00526    -0.46772106 -0.00424019 -0.47091013 -0.00318907],1.0,1.0
"[-4.72992726e-01 -2.08259190e-03 -4.73953406e-01 -9.60680947e-04
 -4.73785053e-01  1.68353799e-04]",1.0,1.0
[-0.47248891  0.00129614 -0.4700746   0.00241432 -0.46655999  0.00351461],0.9003541,1.0
[-0.46212056  0.00443943 -0.45678907  0.00533149 -0.45060478  0.00618429],1.0,1.0
[-0.44346357  0.0071412  -0.43541761  0.00804596 -0.42652532  0.00889229],0.8943905,1.0
[-0.41700925  0.00951607 -0.40693746  0.01007179 -0.39638129  0.01055617],0.9344623,1.0
[-0.38535456  0.01102673 -0.37393351  0.01142106 -0.36219591  0.0117376 ],1.0,1.0
[-0.35012208  0.01207383 -0.33779139  0.01233069 -0.32528319  0.01250819],1.0,1.0
[-0.31267616  0.01260703 -0.30004758  0.01262858 -0.28747274  0.01257484],1.0,1.0
[-0.27502441  0.01244833 -0.26277233  0.01225207 -0.25078286  0.01198947],1.0,1.0
[-0.2391186   0.01166426 -0.22783821  0.01128039 -0.21699621  0.010842  ],0.6782882,1.0
[-0.20712549  0.00987072 -0.19827004  0.00885545 -0.19046779  0.00780225],0.9571965,1.0
[-0.1833326   0.00713519 -0.17689293  0.00643967 -0.17117363  0.0057193 ],0.69175917,1.0
[-0.16659424  0.00457939 -0.16317142  0.00342281 -0.16091738  0.00225405],0.46819696,1.0
[-0.16017533  0.00074204 -0.16094788 -0.00077254 -0.16323232 -0.00228444],0.7587663,1.0
[-0.1665848  -0.00335248 -0.17099338 -0.00440858 -0.17644203 -0.00544865],0.71693546,1.0
[-0.18297314 -0.00653111 -0.19056157 -0.00758843 -0.19917708 -0.00861551],0.72454965,1.0
[-0.20877258 -0.0095955  -0.21930673 -0.01053415 -0.23073222 -0.01142549],0.7500576,1.0
[-0.24295724 -0.01222502 -0.25592199 -0.01296475 -0.26956032 -0.01363832],0.94961476,1.0
[-0.28350035 -0.01394003 -0.29766498 -0.01416463 -0.31197289 -0.01430791],0.8329926,1.0
[-0.32651402 -0.01454112 -0.34119915 -0.01468514 -0.35593555 -0.01473639],0.94310087,1.0
[-0.37046241 -0.01452686 -0.38468316 -0.01422075 -0.39850123 -0.01381807],0.87061185,1.0
[-0.41192975 -0.01342852 -0.42487429 -0.01294454 -0.43724257 -0.01236828],0.60267884,1.0
[-0.44934727 -0.01210471 -0.46110026 -0.01175298 -0.47241522 -0.01131496],0.77976745,1.0
[-0.4829429  -0.01052768 -0.4926051  -0.00966219 -0.50132976 -0.00872466],0.7851797,1.0
[-0.50904354 -0.00771378 -0.51568869 -0.00664514 -0.52121538 -0.0055267 ],0.9617172,1.0
[-0.52531738 -0.00410199 -0.52796391 -0.00264653 -0.52913512 -0.00117122],1.0,1.0
"[-5.28764817e-01  3.70304620e-04 -5.26855768e-01  1.90904838e-03
 -5.23422293e-01  3.43347543e-03]",1.0,1.0
[-0.51849014  0.00493215 -0.5120963   0.00639384 -0.50428872  0.00780759],0.9499155,1.0
[-0.495201    0.00908772 -0.48490114  0.01029986 -0.47346598  0.01143516],0.8424707,1.0
[-0.4611417   0.01232428 -0.4480194   0.0131223  -0.4341954   0.013824  ],0.8421884,1.0
[-0.41977063  0.01442477 -0.40484876  0.01492187 -0.38953551  0.01531325],0.85744995,1.0
[-0.37391467  0.01562084 -0.35809294  0.01582173 -0.34217595  0.01591699],0.7449358,1.0
[-0.32643604  0.01573991 -0.31097271  0.01546333 -0.29588071  0.015092  ],0.6994646,1.0
[-0.28131762  0.01456309 -0.26736662  0.013951   -0.25410442  0.0132622 ],0.95215815,1.0
[-0.24122208  0.01288234 -0.22878497  0.01243712 -0.21685352  0.01193145],0.977188,1.0
[-0.20544565  0.01140787 -0.194612    0.01083365 -0.18439845  0.01021355],1.0,1.0
[-0.17481203  0.00958642 -0.16588962  0.00892241 -0.15766396  0.00822566],1.0,1.0
[-0.15016382  0.00750014 -0.14341427  0.00674955 -0.13743688  0.00597739],0.8397474,1.0
[-0.13249036  0.00494652 -0.12858932  0.00390103 -0.12574494  0.00284438],0.9308273,1.0
"[-1.23828534e-01  1.91640576e-03 -1.22845360e-01  9.83173990e-04
 -1.22798085e-01  4.72756650e-05]",1.0,1.0
[-0.12358308 -0.00078499 -0.12519821 -0.00161513 -0.12763906 -0.00244086],1.0,1.0
[-0.13089887 -0.0032598  -0.13496837 -0.0040695  -0.13983572 -0.00486735],1.0,1.0
[-0.1454863  -0.00565058 -0.15190251 -0.00641621 -0.1590636  -0.00716109],1.0,1.0
[-0.16694541 -0.00788181 -0.17552017 -0.00857476 -0.18475629 -0.00923611],1.0,1.0
[-0.19461812 -0.00986183 -0.20506581 -0.01044769 -0.21605514 -0.01098934],0.9186561,1.0
[-0.22765948 -0.01160434 -0.23982507 -0.01216559 -0.25249306 -0.01266799],0.9749243,1.0
[-0.26551509 -0.01302203 -0.27882268 -0.01330759 -0.29234311 -0.01352043],0.73657995,1.0
[-0.30635726 -0.01401415 -0.32078294 -0.01442568 -0.33553273 -0.01474979],0.9155633,1.0
[-0.35024603 -0.0147133  -0.3648283  -0.01458228 -0.3791835  -0.01435519],1.0,1.0
[-0.39308824 -0.01390474 -0.40644699 -0.01335875 -0.4191664  -0.01271941],1.0,1.0
[-0.43115631 -0.01198991 -0.44233068 -0.01117437 -0.45260854 -0.01027786],0.96931344,1.0
[-0.46196084 -0.0093523  -0.47031883 -0.00835799 -0.47762074 -0.00730192],1.0,1.0
[-0.4837664  -0.00614566 -0.4887101  -0.00494369 -0.49241498 -0.00370488],1.0,1.0
"[-4.94853392e-01 -2.43841681e-03 -4.96007132e-01 -1.15374007e-03
 -4.95867573e-01  1.39558833e-04]",1.0,1.0
[-0.49443576  0.00143181 -0.49172239  0.00271337 -0.48774773  0.00397466],1.0,1.0
[-0.48254143  0.0052063  -0.47614228  0.00639915 -0.46859786  0.00754442],1.0,1.0
[-0.45996407  0.00863379 -0.45030466  0.00965942 -0.43969052  0.01061413],1.0,1.0
[-0.42819908  0.01149144 -0.4159134   0.01228567 -0.40292139  0.01299201],1.0,1.0
[-0.38931482  0.01360657 -0.37518836  0.01412646 -0.36063857  0.0145498 ],1.0,1.0
[-0.34576286  0.0148757  -0.33065855  0.01510431 -0.31542184  0.01523672],1.0,1.0
[-0.30014691  0.01527492 -0.28492515  0.01522176 -0.26984436  0.01508079],1.0,1.0
[-0.25498815  0.0148562  -0.24043547  0.01455268 -0.22626014  0.01417533],1.0,1.0
[-0.21253067  0.01372948 -0.19931002  0.01322065 -0.18665562  0.01265439],1.0,1.0
[-0.17461941  0.01203621 -0.16324794  0.01137147 -0.1525826   0.01066534],1.0,1.0
[-0.14265989  0.00992271 -0.13351169  0.0091482  -0.12516563  0.00834607],0.71330273,1.0
[-0.11807542  0.00709021 -0.11226005  0.00581537 -0.10773428  0.00452577],1.0,1.0
[-0.10407907  0.00365521 -0.10130298  0.00277609 -0.09941232  0.00189065],0.87008166,1.0
[-0.09860619  0.00080614 -0.09888634 -0.00028015 -0.10025216 -0.00136582],0.8037774,1.0
[-0.1028001  -0.00254794 -0.10652443 -0.00372432 -0.11141651 -0.00489208],0.5715022,1.0
[-0.11781298 -0.00639647 -0.12569767 -0.00788469 -0.13504945 -0.00935178],0.9500012,1.0
[-0.14527384 -0.01022439 -0.15633954 -0.0110657  -0.16821026 -0.01187073],1.0,1.0
[-0.18076937 -0.01255911 -0.19396978 -0.01320041 -0.20775873 -0.01378894],1.0,1.0
[-0.2220776  -0.01431887 -0.23686186 -0.01478426 -0.25204107 -0.01517921],1.0,1.0
[-0.26753903 -0.01549796 -0.28327406 -0.01573503 -0.29915938 -0.01588532],1.0,1.0
[-0.31510366 -0.01594428 -0.33101167 -0.01590801 -0.34678506 -0.01577338],1.0,1.0
[-0.36232322 -0.01553817 -0.37752432 -0.01520109 -0.39228624 -0.01476192],1.0,1.0
[-0.40650773 -0.01422149 -0.42008945 -0.01358172 -0.43293508 -0.01284563],0.9385589,1.0
[-0.44504449 -0.01210941 -0.45632979 -0.01128529 -0.46670834 -0.01037856],0.7803334,1.0
[-0.47634101 -0.00963267 -0.48515642 -0.00881541 -0.49308901 -0.00793259],0.9102962,1.0
[-0.49988466 -0.00679565 -0.50549257 -0.00560791 -0.50987077 -0.0043782 ],0.91007286,1.0
[-0.51298679 -0.00311602 -0.51481728 -0.00183049 -0.51534851 -0.00053123],1.0,1.0
[-0.51444161  0.0009069  -0.51210338  0.00233823 -0.50835135  0.00375203],1.0,1.0
[-0.50321364  0.00513771 -0.49672872  0.00648492 -0.4889451   0.00778361],1.0,1.0
[-0.47992092  0.00902418 -0.46972339  0.01019753 -0.45842817  0.01129522],1.0,1.0
[-0.44611862  0.01230955 -0.43288495  0.01323367 -0.41882327  0.01406168],1.0,1.0
[-0.40403452  0.01478874 -0.38862341  0.01541112 -0.37269717  0.01592624],1.0,1.0
[-0.35636443  0.01633274 -0.33973399  0.01663044 -0.32291366  0.01682033],1.0,1.0
[-0.30600918  0.01690448 -0.28912317  0.01688601 -0.27235424  0.01676893],1.0,1.0
[-0.25579623  0.01655801 -0.23953753  0.0162587  -0.22366064  0.0158769 ],1.0,1.0
[-0.20824177  0.01541887 -0.19335071  0.01489106 -0.17905074  0.01429997],1.0,1.0
[-0.16539869  0.01365205 -0.15244514  0.01295355 -0.14023468  0.01221047],0.8426782,1.0
[-0.12904219  0.01119248 -0.11890069  0.0101415  -0.1098378   0.00906289],0.9277416,1.0
[-0.1017488   0.008089   -0.09465262  0.00709618 -0.08856471  0.00608791],0.8464443,1.0
[-0.08361941  0.0049453  -0.0798262   0.00379322 -0.07719197  0.00263423],1.0,1.0
[-0.07549101  0.00170096 -0.0747262   0.0007648  -0.07489885 -0.00017264],1.0,1.0
[-0.07600864 -0.0011098  -0.07805372 -0.00204508 -0.08103058 -0.00297685],0.98353195,1.0
[-0.08495863 -0.00392805 -0.08983062 -0.00487199 -0.09563708 -0.00580646],0.90894675,1.0
[-0.10247793 -0.00684085 -0.11033814 -0.00786021 -0.11919921 -0.00886107],1.0,1.0
[-0.12890213 -0.00970292 -0.13942044 -0.01051831 -0.15072325 -0.0113028 ],0.9657159,1.0
[-0.16282623 -0.01210298 -0.17568826 -0.01286203 -0.18926243 -0.01357417],1.0,1.0
[-0.20344434 -0.01418191 -0.21817489 -0.01473055 -0.23338878 -0.01521389],0.9327901,1.0
[-0.24911533 -0.01572654 -0.26527642 -0.0161611  -0.28178757 -0.01651114],1.0,1.0
[-0.29845736 -0.01666979 -0.31519023 -0.01673287 -0.33188629 -0.01669607],0.99241686,1.0
[-0.34845361 -0.01656732 -0.36478628 -0.01633267 -0.38077686 -0.01599058],0.8134596,1.0
[-0.39658594 -0.01580908 -0.41210454 -0.0155186  -0.42722365 -0.01511912],0.8594366,1.0
[-0.4417664  -0.01454275 -0.45562759 -0.01386119 -0.46870588 -0.01307829],0.8720091,1.0
[-0.48088599 -0.01218012 -0.49207756 -0.01119157 -0.50219718 -0.01011961],0.8915658,1.0
[-0.51113985 -0.00894267 -0.51883859 -0.00769874 -0.52523568 -0.00639709],0.8440097,1.0
[-0.53035448 -0.0051188  -0.5341566  -0.00380212 -0.53661353 -0.00245694],1.0,1.0
[-0.53747288 -0.00085935 -0.53672821  0.00074468 -0.53438509  0.00234312],0.7765701,1.0
[-0.53079623  0.00358886 -0.52598853  0.00480769 -0.51999807  0.00599047],0.5527022,1.0
[-0.51320555  0.00679252 -0.50566191  0.00754363 -0.49742369  0.00823823],1.0,1.0
[-0.48788157  0.00954211 -0.47710682  0.01077475 -0.46517964  0.01192719],0.89394426,1.0
[-0.45234743  0.0128322  -0.43870464  0.01364279 -0.42435078  0.01435386],0.77668023,1.0
[-0.40956531  0.01478547 -0.39445348  0.01511183 -0.37912117  0.01533231],1.0,1.0
[-0.36333884  0.01578234 -0.34721268  0.01612616 -0.33084853  0.01636414],1.0,1.0
[-0.31435079  0.01649774 -0.29782135  0.01652944 -0.2813587   0.01646265],1.0,1.0
[-0.2650571   0.0163016  -0.24900591  0.01605119 -0.23328902  0.01571689],1.0,1.0
[-0.21798445  0.01530457 -0.20316408  0.01482036 -0.18889357  0.01427051],1.0,1.0
[-0.17523227  0.0136613  -0.16223342  0.01299886 -0.14994426  0.01228916],1.0,1.0
[-0.1384064   0.01153786 -0.12765611  0.01075029 -0.11772473  0.00993139],1.0,1.0
[-0.10863904  0.00908569 -0.10042174  0.0082173  -0.09309185  0.00732989],1.0,1.0
[-0.0866651   0.00642675 -0.08115432  0.00551077 -0.07656982  0.0045845 ],0.85981655,1.0
[-0.07312992  0.0034399  -0.07084038  0.00228954 -0.06970486  0.00113551],1.0,1.0
[-0.06951489  0.00018998 -0.07027075 -0.00075586 -0.07197126 -0.00170051],0.85287774,1.0
[-0.0748344  -0.00286315 -0.07885549 -0.00402109 -0.08402764 -0.00517215],1.0,1.0
[-0.09012077 -0.00609313 -0.09712309 -0.00700232 -0.10502004 -0.00789695],1.0,1.0
[-0.11379393 -0.00877389 -0.12342356 -0.00962962 -0.13388376 -0.0104602 ],1.0,1.0
[-0.145145   -0.01126124 -0.15717295 -0.01202796 -0.16992811 -0.01275515],1.0,1.0
[-0.18336539 -0.01343728 -0.19743385 -0.01406847 -0.21207646 -0.01464261],1.0,1.0
[-0.22722993 -0.01515346 -0.24282466 -0.01559474 -0.25878488 -0.01596022],1.0,1.0
[-0.27502878 -0.0162439  -0.29146891 -0.01644013 -0.30801267 -0.01654376],0.9134793,1.0
[-0.32469272 -0.01668005 -0.34140737 -0.01671466 -0.35805122 -0.01664385],0.91796947,1.0
[-0.3745093  -0.01645808 -0.39067169 -0.01616239 -0.40642787 -0.01575617],1.0,1.0
[-0.42154484 -0.01511697 -0.43591531 -0.01437047 -0.44943585 -0.01352054],1.0,1.0
[-0.46200804 -0.01257219 -0.47353953 -0.01153149 -0.48394506 -0.01040553],0.9669093,1.0
[-0.49319692 -0.00925187 -0.50122612 -0.0080292  -0.50797263 -0.0067465 ],1.0,1.0
[-0.51333628 -0.00536366 -0.5172769  -0.00394061 -0.51976492 -0.00248803],1.0,1.0
"[-5.20781700e-01 -1.01677834e-03 -5.20319606e-01  4.62093847e-04
 -5.18382105e-01  1.93750047e-03]",1.0,1.0
[-0.51498373  0.00339838 -0.51014996  0.00483377 -0.50391702  0.00623293],1.0,1.0
[-0.49633162  0.00758541 -0.48745049  0.00888113 -0.47733994  0.01011055],1.0,1.0
[-0.46607522  0.01126472 -0.45373979  0.01233543 -0.44042447  0.01331532],1.0,1.0
[-0.42622651  0.01419796 -0.4112485   0.01497801 -0.39559725  0.01565125],0.791754,1.0
[-0.37969496  0.01590229 -0.36365111  0.01604386 -0.34757372  0.01607739],0.91918284,1.0
[-0.33137724  0.01619648 -0.31516506  0.01621218 -0.29903746  0.0161276 ],1.0,1.0
[-0.28296954  0.01606793 -0.26705362  0.01591592 -0.25137738  0.01567624],1.0,1.0
[-0.23602331  0.01535407 -0.22106829  0.01495502 -0.20658332  0.01448497],1.0,1.0
[-0.19263342  0.01394991 -0.17927754  0.01335588 -0.16656871  0.01270883],1.0,1.0
[-0.1545542   0.01201452 -0.14327573  0.01127847 -0.13276986  0.01050587],1.0,1.0
[-0.12306829  0.00970158 -0.11419825  0.00887004 -0.10618292  0.00801532],1.0,1.0
[-0.09904182  0.0071411  -0.09279118  0.00625064 -0.0874443   0.00534688],0.9643863,1.0
[-0.08306531  0.00437899 -0.07966251  0.00340279 -0.07724208  0.00242043],0.857958,1.0
[-0.07596789  0.00127419 -0.07584213  0.00012577 -0.07686499 -0.00102286],0.8961088,1.0
[-0.07897751 -0.00211253 -0.08217603 -0.00319852 -0.0864548  -0.00427877],0.976152,1.0
[-0.09168573 -0.00523092 -0.09785845 -0.00617272 -0.10495998 -0.00710153],0.9713908,1.0
[-0.1129815  -0.00802153 -0.12190371 -0.00892221 -0.13170351 -0.0097998 ],0.9876246,1.0
[-0.14232925 -0.01062574 -0.1537491  -0.01141985 -0.16592626 -0.01217716],0.9424358,1.0
[-0.17888638 -0.01296012 -0.1925814  -0.01369502 -0.206957   -0.01437561],0.98896664,1.0
[-0.22188259 -0.01492559 -0.23729102 -0.01540843 -0.25310885 -0.01581783],0.6677074,1.0
[-0.26973836 -0.01662952 -0.28709149 -0.01735312 -0.30507173 -0.01798024],0.61650425,1.0
[-0.32365126 -0.01857953 -0.34271732 -0.01906606 -0.36214962 -0.01943231],0.776304,1.0
[-0.38158155 -0.01943193 -0.40088222 -0.01930067 -0.41991816 -0.01903594],0.89102185,1.0
[-0.43838269 -0.01846453 -0.45614287 -0.01776018 -0.47306899 -0.01692612],0.9457547,1.0
[-0.488954   -0.01588501 -0.50367975 -0.01472575 -0.51713617 -0.01345642],1.0,1.0
[-0.52914106 -0.01200489 -0.53960438 -0.01046332 -0.5484477  -0.00884333],0.90400803,1.0
[-0.55574882 -0.00730112 -0.56145318 -0.00570436 -0.56551822 -0.00406505],0.95984,1.0
"[-5.67829939e-01 -2.31171723e-03 -5.68371135e-01 -5.41196150e-04
 -5.67137787e-01  1.23334778e-03]",0.88400674,1.0
[-0.56425281  0.00288497 -0.55973768  0.00451513 -0.55362603  0.00611165],0.7477427,1.0
[-0.54616786  0.00745817 -0.53741894  0.00874892 -0.52744478  0.00997416],0.7642456,1.0
[-0.51629541  0.01114937 -0.50405445  0.01224097 -0.49081361  0.01324084],0.74218065,1.0
[-0.47670499  0.01410862 -0.46183365  0.01487134 -0.44630963  0.01552402],0.86165786,1.0
[-0.43006761  0.01624202 -0.41322542  0.01684219 -0.3959035   0.01732192],1.0,1.0
[-0.37801604  0.01788746 -0.35968607  0.01832997 -0.34103649  0.01864958],1.0,1.0
[-0.3221887   0.01884779 -0.30326123  0.01892747 -0.28436855  0.01889268],0.7259171,1.0
[-0.26603111  0.01833744 -0.24834998  0.01768113 -0.23141761  0.01693237],0.81889486,1.0
[-0.21517823  0.01623938 -0.19970745  0.01547078 -0.18507291  0.01463454],0.725455,1.0
[-0.17147464  0.01359826 -0.15896464  0.01251001 -0.14758751  0.01137713],0.52067333,1.0
[-0.13768831  0.00989921 -0.12929783  0.00839048 -0.12244061  0.00685722],0.6367212,1.0
[-0.11696154  0.00547907 -0.11287506  0.00408648 -0.11019152  0.00268353],0.70899224,1.0
"[-1.08809145e-01  1.38237953e-03 -1.08731262e-01  7.78829684e-05
 -1.09958063e-01 -1.22680083e-03]",0.5281706,1.0
[-0.11275782 -0.00279975 -0.11712363 -0.00436582 -0.12304445 -0.00592082],0.68334943,1.0
[-0.13027185 -0.00722739 -0.13878572 -0.00851387 -0.14856098 -0.00977526],0.8151268,1.0
[-0.15936934 -0.01080836 -0.17117469 -0.01180534 -0.18393489 -0.0127602 ],0.7478092,1.0
[-0.19770232 -0.01376743 -0.21242106 -0.01471874 -0.22802741 -0.01560635],0.8975861,1.0
[-0.24422487 -0.01619746 -0.26093443 -0.01670956 -0.27806995 -0.01713552],0.8777022,1.0
[-0.29556833 -0.01749838 -0.31333008 -0.01776175 -0.33124977 -0.01791969],0.8361405,1.0
[-0.34927912 -0.01802935 -0.36730288 -0.01802376 -0.38520216 -0.01789928],0.6339051,1.0
[-0.40315899 -0.01795683 -0.42104874 -0.01788975 -0.43874468 -0.01769594],1.0,1.0
[-0.45557018 -0.01682549 -0.47140235 -0.01583217 -0.4861244  -0.01472205],0.7848473,1.0
