State,Action,Action wo Noise
[-0.57306564  0.         -0.57306564  0.         -0.57306564  0.        ],-1.0,-0.9999785
[-0.57419599 -0.00113036 -0.57644833 -0.00225234 -0.57980595 -0.00335762],-0.6589945,-0.99998444
[-0.58373251 -0.00392655 -0.58819899 -0.00446649 -0.5931725  -0.0049735 ],-1.0,-0.9999897
[-0.59912798 -0.00595548 -0.60602182 -0.00689385 -0.61380378 -0.00778195],-0.7968412,-0.999994
[-0.62211268 -0.00830891 -0.6308887  -0.00877602 -0.64006914 -0.00918043],-0.9188108,-0.99999654
[-0.64977192 -0.00970279 -0.65992906 -0.01015714 -0.67047021 -0.01054115],-1.0,-0.99999803
[-0.68144512 -0.01097491 -0.69277993 -0.01133481 -0.70439966 -0.01161973],-0.55888,-0.9999989
[-0.71556723 -0.01116756 -0.72621163 -0.0106444  -0.73626661 -0.01005498],-0.36798146,-0.9999993
[-0.74538458 -0.00911797 -0.75351117 -0.00812659 -0.7605989  -0.00708773],-1.0,-0.9999994
[-0.76755515 -0.00695625 -0.77434075 -0.0067856  -0.78091818 -0.00657743],-1.0,-0.9999995
[-0.78725176 -0.00633358 -0.79330777 -0.00605601 -0.79905457 -0.0057468 ],-1.0,-0.9999996
[-0.80446269 -0.00540811 -0.80950487 -0.00504219 -0.81415618 -0.00465131],-1.0,-0.99999964
[-0.81839397 -0.00423779 -0.82219795 -0.00380398 -0.82555016 -0.00335221],-1.0,-0.9999997
[-0.82843498 -0.00288483 -0.83083915 -0.00240417 -0.83275171 -0.00191256],-0.74502695,-0.9999997
"[-8.33781571e-01 -1.02985663e-03 -8.33924099e-01 -1.42527892e-04
 -8.33178660e-01  7.45439257e-04]",-0.71612144,-0.99999964
[-0.83150524  0.00167342 -0.82891138  0.00259386 -0.82540886  0.00350252],-0.4686117,-0.9999995
[-0.82064253  0.00476633 -0.81463467  0.00600787 -0.8074139   0.00722077],-0.5228757,-0.9999993
[-0.79909685  0.00831704 -0.78972522  0.00937163 -0.77934734  0.01037788],-1.0,-0.9999987
[-0.76873407  0.01061327 -0.75794358  0.01079049 -0.74703675  0.01090683],-1.0,-0.9999978
[-0.73607684  0.01095991 -0.72512909  0.01094775 -0.71426028  0.01086881],-1.0,-0.9999966
[-0.70353821  0.01072207 -0.6930312   0.01050702 -0.68280745  0.01022374],-1.0,-0.999995
[-0.67293453  0.00987292 -0.66347868  0.00945585 -0.65450425  0.00897443],-1.0,-0.9999932
[-0.64607308  0.00843118 -0.63824387  0.00782921 -0.63107168  0.00717219],-1.0,-0.9999918
[-0.62460733  0.00646435 -0.61889696  0.00571037 -0.61398155  0.00491541],-1.0,-0.99999136
[-0.60989655  0.004085   -0.60667152  0.00322503 -0.60432987  0.00234165],-1.0,-0.99999213
"[-6.02888645e-01  1.44122825e-03 -6.02358334e-01  5.30310137e-04
 -6.02742808e-01 -3.84474048e-04]",-1.0,-0.9999938
[-0.60403926 -0.00129646 -0.60623825 -0.00219899 -0.60932378 -0.00308552],-0.902136,-0.9999957
[-0.61312663 -0.00380285 -0.61761927 -0.00449264 -0.62276928 -0.00515001],-0.8858548,-0.9999972
[-0.62851521 -0.00574593 -0.63481599 -0.00630077 -0.6416268  -0.00681081],-1.0,-0.9999982
[-0.64907078 -0.00744399 -0.6570958  -0.00802501 -0.66564613 -0.00855033],-1.0,-0.9999989
[-0.67466306 -0.00901693 -0.6840854  -0.00942234 -0.69385005 -0.00976465],-0.5948022,-0.9999994
[-0.70328482 -0.00943477 -0.71232847 -0.00904365 -0.72092328 -0.00859481],-1.0,-0.9999996
[-0.72962308 -0.00869981 -0.73837423 -0.00875114 -0.74712372 -0.00874949],-1.0,-0.9999997
[-0.75581962 -0.0086959  -0.76441137 -0.00859175 -0.77285007 -0.00843871],-1.0,-0.9999998
[-0.7810888  -0.00823872 -0.78908276 -0.00799396 -0.79678952 -0.00770676],-0.66008335,-0.9999999
[-0.80365927 -0.00686975 -0.80965723 -0.00599796 -0.81475369 -0.00509646],-1.0,-0.9999999
[-0.81943376 -0.00468007 -0.82367508 -0.00424132 -0.82745772 -0.00378265],-0.8273679,-0.9999999
[-0.83050524 -0.00304752 -0.83280372 -0.00229848 -0.83434278 -0.00153905],-1.0,-0.9999999
"[-8.35374449e-01 -1.03167166e-03 -8.35894137e-01 -5.19688596e-04
 -8.35899532e-01 -5.39449926e-06]",-0.6485694,-0.9999999
[-0.83486346  0.00103607 -0.83279054  0.00207292 -0.82969005  0.00310049],-1.0,-0.9999999
[-0.82610318  0.00358687 -0.82204637  0.00405681 -0.8175385   0.00450787],-1.0,-0.9999998
[-0.81260089  0.00493761 -0.80725729  0.0053436  -0.80153388  0.00572341],-1.0,-0.99999976
[-0.79545923  0.00607464 -0.78906428  0.00639496 -0.78238222  0.00668206],-0.40199888,-0.9999997
[-0.77455146  0.00783076 -0.76561438  0.00893708 -0.7556205   0.00999388],-0.7866687,-0.99999946
[-0.74520362  0.01041688 -0.73442446  0.01077916 -0.72334744  0.01107702],-1.0,-0.99999905
[-0.71236037  0.01098707 -0.70153205  0.01082832 -0.69093171  0.01060034],-0.8452008,-0.99999845
[-0.68039622  0.01053549 -0.66999544  0.01040078 -0.65979945  0.01019599],-0.7146338,-0.9999976
[-0.64968209  0.01011736 -0.63971345  0.00996864 -0.6299634   0.00975005],-1.0,-0.9999964
[-0.62092909  0.00903431 -0.61267513  0.00825396 -0.60526101  0.00741411],-1.0,-0.9999954
[-0.59874054  0.00652047 -0.59316127  0.00557927 -0.58856406  0.00459721],-1.0,-0.9999952
[-0.58498269  0.00358137 -0.58244353  0.00253916 -0.58096533  0.0014782 ],-1.0,-0.99999577
"[-5.80558999e-01  4.06330422e-04 -5.81227543e-01 -6.68543932e-04
 -5.82966021e-01 -1.73847809e-03]",-0.68712586,-0.99999684
[-0.58529228 -0.00232626 -0.58818917 -0.00289689 -0.59163535 -0.00344617],-0.017783092,-0.9999978
[-0.59460146 -0.00296611 -0.59706574 -0.00246428 -0.59901014 -0.0019444 ],-0.553607,-0.9999981
[-0.60122418 -0.00221404 -0.6036917  -0.00246751 -0.60639468 -0.00270299],-0.23075126,-0.9999984
[-0.60882919 -0.00243451 -0.61097754 -0.00214835 -0.61282416 -0.00184662],-0.53445864,-0.99999857
[-0.61481124 -0.00198708 -0.61692442 -0.00211318 -0.61914845 -0.00222403],-0.90625525,-0.99999875
[-0.62202502 -0.00287657 -0.62553345 -0.00350843 -0.62964861 -0.00411517],-0.64218724,-0.9999991
[-0.63394504 -0.00429642 -0.63839217 -0.00444714 -0.64295856 -0.00456639],-0.5359956,-0.99999934
[-0.64745275 -0.00449419 -0.65184326 -0.00439051 -0.65609948 -0.00425622],-0.20122926,-0.9999995
[-0.65968975 -0.00359027 -0.6625893  -0.00289955 -0.66477821 -0.00218891],-0.20921327,-0.9999995
"[-6.66253476e-01 -1.47526209e-03 -6.67005010e-01 -7.51533549e-04
 -6.67027689e-01 -2.26794913e-05]",0.13770828,-0.9999995
[-0.66580098  0.00122671 -0.66333324  0.00246773 -0.65964137  0.00369188],-0.15784562,-0.99999934
[-0.65519403  0.00444734 -0.65002193  0.0051721  -0.644161    0.00586093],-0.36008608,-0.999999
[-0.63795556  0.00620543 -0.63144931  0.00650626 -0.62468834  0.00676097],-0.29034704,-0.9999985
[-0.61761629  0.00707205 -0.61028394  0.00733235 -0.60274428  0.00753966],-0.20574391,-0.9999978
[-0.5949252   0.00781908 -0.58688387  0.00804134 -0.57867936  0.00820451],-0.6504284,-0.99999666
[-0.57103926  0.0076401  -0.5640202   0.00701906 -0.55767437  0.00634583],-0.69355756,-0.9999956
[-0.55211375  0.00556062 -0.54737987  0.00473388 -0.54350811  0.00387175],-0.95510495,-0.9999954
"[-5.40919784e-01  2.58832829e-03 -5.39634265e-01  1.28551999e-03
 -5.39661182e-01 -2.69176491e-05]",-1.0,-0.99999636
[-0.54106768 -0.0014065  -0.54384322 -0.00277554 -0.54796702 -0.0041238 ],-1.0,-0.9999978
[-0.55340822 -0.0054412  -0.56012614 -0.00671793 -0.56807067 -0.00794452],-0.8221307,-0.99999887
[-0.57691583 -0.00884517 -0.58659602 -0.00968019 -0.59703973 -0.01044371],-0.62704897,-0.99999946
[-0.60787765 -0.01083792 -0.61903077 -0.01115312 -0.63041846 -0.01138769],-1.0,-0.99999976
[-0.64251864 -0.01210018 -0.65524572 -0.01272708 -0.66851092 -0.0132652 ],-1.0,-0.9999999
[-0.6822232  -0.01371227 -0.69629018 -0.01406698 -0.71061914 -0.01432896],-0.8666217,-0.99999994
[-0.72491783 -0.01429868 -0.73909669 -0.01417886 -0.7530695  -0.01397281],-0.67138547,-1.0
[-0.76646111 -0.01339161 -0.77919525 -0.01273415 -0.79120191 -0.01200666],-1.0,-1.0
[-0.8029103  -0.01170838 -0.81426052 -0.01135023 -0.82519673 -0.01093621],-0.7328764,-1.0
[-0.8352665  -0.01006978 -0.84442409 -0.00915759 -0.85262947 -0.00820538],-0.7682234,-1.0
[-0.85990112 -0.00727165 -0.86620948 -0.00630836 -0.87152972 -0.00532024],-0.9359755,-1.0
[-0.87609313 -0.00456341 -0.8798827  -0.00378957 -0.88288461 -0.00300191],-0.9656376,-1.0
"[-8.85132609e-01 -2.24800036e-03 -8.86618772e-01 -1.48616359e-03
 -8.87337913e-01 -7.19140576e-04]",-0.6738216,-1.0
"[-8.86849813e-01  4.88100213e-04 -8.85156163e-01  1.69364953e-03
 -8.82262870e-01  2.89329283e-03]",-1.0,-1.0
[-0.87866942  0.00359345 -0.87438875  0.00428068 -0.86943657  0.00495218],-0.9493415,-1.0
[-0.86375555  0.00568102 -0.85736766  0.00638789 -0.85029833  0.00706932],-0.46588814,-1.0
[-0.84185146  0.00844687 -0.83206299  0.00978847 -0.8209762   0.01108678],-0.08948477,-1.0
[-0.80807762  0.01289859 -0.7934294   0.01464822 -0.77710556  0.01632383],-0.15553507,-0.99999994
[-0.75929178  0.01781378 -0.74008727  0.01920452 -0.71960415  0.02048311],0.098392166,-0.9999999
[-0.69758667  0.02201748 -0.67417515  0.02341153 -0.64952472  0.02465042],-0.19135414,-0.9999994
[-0.6242392   0.02528553 -0.59849731  0.02574189 -0.57248543  0.02601188],-0.24827398,-0.999997
[-0.54648063  0.0260048  -0.52067675  0.02580387 -0.49526721  0.02540955],-0.10040405,-0.99998534
[-0.47022049  0.02504671 -0.44572302  0.02449748 -0.42195492  0.0237681 ],-0.66367817,-0.9999312
[-0.39993291  0.02202201 -0.37981277  0.02012013 -0.36173342  0.01807935],-1.0,-0.999786
[-0.34632091  0.01541251 -0.33367618  0.01264473 -0.32388004  0.00979614],-1.0,-0.99967885
[-0.31699377  0.00688627 -0.31305971  0.00393406 -0.31210178  0.00095793],-1.0,-0.9997734
[-0.31412576 -0.00202399 -0.31911941 -0.00499365 -0.32705227 -0.00793286],-0.96031463,-0.99992
[-0.33781575 -0.01076348 -0.35134205 -0.0135263  -0.36754401 -0.01620196],-1.0,-0.9999838
[-0.38637409 -0.01883008 -0.40770453 -0.02133044 -0.43138678 -0.02368224],-1.0,-0.99999774
[-0.45725182 -0.02586504 -0.48511119 -0.02785937 -0.51475857 -0.02964738],-0.46244073,-0.99999976
[-0.54516591 -0.03040734 -0.57610527 -0.03093936 -0.60734612 -0.03124085],-0.63372034,-0.99999994
[-0.63891603 -0.03156991 -0.67058879 -0.03167276 -0.70214508 -0.0315563 ],-1.0,-1.0
[-0.73392541 -0.03178032 -0.76573089 -0.03180548 -0.79737592 -0.03164503],-1.0,-1.0
[-0.82869082 -0.0313149  -0.85952389 -0.03083307 -0.88974284 -0.03021895],-0.5658416,-1.0
[-0.91858432 -0.02884148 -0.94595835 -0.02737403 -0.97179557 -0.02583722],-0.61934114,-1.0
[-0.99612549 -0.02432992 -1.01891371 -0.02278822 -1.04013993 -0.02122622],-0.8135464,-1.0
[-1.06008704 -0.0199471  -1.07875633 -0.01866929 -1.09615714 -0.01740081],-0.58352715,-1.0
[-1.11196015 -0.01580302 -1.1261855  -0.01422534 -1.13885599 -0.0126705 ],-0.7014321,-1.0
[-1.15017256 -0.01131657 -1.16015962 -0.00998706 -1.16884101 -0.0086814 ],-0.9889379,-1.0
[-1.17667044 -0.00782943 -1.18366951 -0.00699906 -1.1898586  -0.00618909],-0.54044884,-1.0
[-1.19458385 -0.00472525 -1.19786019 -0.00327635 -1.19969826 -0.00183807],-0.2759067,-1.0
"[-1.19970730e+00 -9.03284730e-06 -1.19788732e+00  1.81997372e-03
 -1.19423235e+00  3.65497638e-03]",-0.15922746,-1.0
[-1.18855551  0.00567684 -1.18083896  0.00771655 -1.17105951  0.00977946],-0.34904698,-1.0
[-1.15947424  0.01158527 -1.14605302  0.01342122 -1.13076451  0.01528851],-0.7237981,-1.0
[-1.11413986  0.01662466 -1.09615114  0.01798872 -1.07677503  0.01937611],-0.77163583,-1.0
[-1.05606621  0.02070882 -1.03401573  0.02205048 -1.01062466  0.02339107],-0.27701795,-1.0
[-0.98516415  0.02546051 -0.95766233  0.02750182 -0.92816569  0.02949665],-0.29966825,-1.0
[-0.89677625  0.03138943 -0.86358658  0.03318967 -0.82871619  0.03487039],-0.72162735,-1.0
[-0.79294629  0.03576989 -0.7564515   0.03649479 -0.71943136  0.03702014],-0.92642194,-0.9999999
[-0.68241515  0.03701621 -0.64564201  0.03677314 -0.6093635   0.03627852],-1.0,-0.99999905
[-0.57394882  0.03541468 -0.53965795  0.03429087 -0.50674668  0.03291127],-0.94917226,-0.99999255
[-0.47538551  0.03136117 -0.44580843  0.02957707 -0.41823326  0.02757517],-0.7145883,-0.99995583
[-0.39250712  0.02572614 -0.3688109   0.02369622 -0.3473062   0.0215047 ],-0.9591939,-0.9998165
[-0.3285017  0.0188045 -0.3125171  0.0159846 -0.2994507  0.0130664],-1.0,-0.99960244
[-0.28944154  0.01000915 -0.28254766  0.00689389 -0.27880815  0.00373951],-1.0,-0.9996257
[-0.27824395  0.0005642  -0.28085818 -0.00261424 -0.28663628 -0.0057781 ],-0.34175763,-0.9998457
[-0.29455828 -0.007922   -0.3045787  -0.01002042 -0.31663873 -0.01206004],-0.8825785,-0.99995875
[-0.33147702 -0.01483828 -0.34900162 -0.0175246  -0.3691005  -0.02009889],-0.93230087,-0.9999933
[-0.39171553 -0.02261503 -0.41669253 -0.024977   -0.4438561  -0.02716357],-1.0,-0.9999993
[-0.47311206 -0.02925595 -0.50424522 -0.03113316 -0.53702345 -0.03277823],-1.0,-0.99999994
[-0.57120102 -0.03417757 -0.60652279 -0.03532177 -0.64272902 -0.03620623],-1.0,-1.0
[-0.67956067 -0.03683165 -0.71676483 -0.03720415 -0.75409997 -0.03733514],-0.9908769,-1.0
[-0.79132719 -0.03722722 -0.82824179 -0.03691461 -0.86466294 -0.03642115],-1.0,-1.0
[-0.90044965 -0.03578671 -0.93547474 -0.03502509 -0.96963895 -0.0341642 ],-0.562571,-1.0
[-1.00221438 -0.03257543 -1.03315639 -0.03094201 -1.06244448 -0.02928809],-0.7542482,-1.0
[-1.09036656 -0.02792208 -1.11694094 -0.02657438 -1.14220122 -0.02526028],-1.0,-1.0
[-1.16656235 -0.02436113 -1.19008207 -0.02351972 -1.2         0.        ],-1.0,-1.0
"[-1.19925810e+00  7.41896041e-04 -1.19777186e+00  1.48624881e-03
 -1.19553637e+00  2.23548971e-03]",-1.0,-1.0
[-1.19254437  0.002992   -1.18878629  0.00375808 -1.18425038  0.00453591],-1.0,-1.0
[-1.17892282  0.00532756 -1.17278793  0.00613488 -1.16582841  0.00695953],-1.0,-1.0
[-1.15802554  0.00780287 -1.14935959  0.00866595 -1.13981014  0.00954945],-0.95039177,-1.0
[-1.12928215  0.01052799 -1.11775516  0.01152698 -1.10520957  0.0125456 ],-0.65372723,-1.0
[-1.09118232  0.01402724 -1.07565741  0.01552492 -1.05862219  0.01703522],-0.2510669,-1.0
[-1.03946503  0.01915715 -1.01818515  0.02127988 -0.99479134  0.02339382],-0.40963757,-1.0
[-0.96954281  0.02524853 -0.94247628  0.02706653 -0.91364656  0.02882972],-0.5079604,-1.0
[-0.88327677  0.03036979 -0.85146516  0.03181161 -0.81833426  0.03313091],-0.30794165,-1.0
[-0.78373173  0.03460253 -0.74783221  0.03589952 -0.71083685  0.03699536],-0.5070045,-0.99999994
[-0.6732704   0.03756645 -0.63537927  0.03789114 -0.59742591  0.03795336],-0.629086,-0.99999934
[-0.55986699  0.03755892 -0.52298023  0.03688676 -0.48704173  0.03593849],-1.0,-0.9999923
[-0.45287687  0.03416487 -0.42073844  0.03213842 -0.39085929  0.02987916],-1.0,-0.99993557
[-0.36344958  0.02740971 -0.3386953   0.02475427 -0.31675777  0.02193753],-1.0,-0.99969023
[-0.2977739   0.01898388 -0.28185709  0.01591681 -0.26909854  0.01275855],-1.0,-0.99929935
[-0.25956862  0.00952991 -0.25331827  0.00625036 -0.25038008  0.00293819],-1.0,-0.9993567
[-0.25076917 -0.00038909 -0.25448355 -0.00371438 -0.26150406 -0.00702051],-1.0,-0.999763
[-0.2717939  -0.01028984 -0.28529772 -0.01350382 -0.3019404  -0.01664268],-1.0,-0.99995995
[-0.32162568 -0.01968528 -0.34423476 -0.02260907 -0.36962508 -0.02539032],-1.0,-0.99999607
[-0.39762957 -0.02800449 -0.42805651 -0.03042693 -0.46069024 -0.03263373],-1.0,-0.9999997
[-0.49529299 -0.03460275 -0.53160777 -0.03631479 -0.5693625  -0.03775473],-1.0,-1.0
[-0.60827507 -0.03891257 -0.64805938 -0.03978431 -0.68843178 -0.04037239],-1.0,-1.0
[-0.72911769 -0.04068592 -0.76985804 -0.04074034 -0.81041492 -0.04055688],-1.0,-1.0
[-0.85057647 -0.04016154 -0.89016047 -0.039584   -0.92901681 -0.03885634],-0.9527051,-1.0
[-0.9669577  -0.03794089 -1.00389972 -0.03694203 -1.03979187 -0.03589214],-0.73345804,-1.0
[-1.07428482 -0.03449295 -1.1073862  -0.03310139 -1.13912842 -0.03174222],-0.9566831,-1.0
[-1.16990014 -0.03077172 -1.19977435 -0.02987422 -1.2         0.        ],-0.7850347,-1.0
"[-1.19893566e+00  1.06434397e-03 -1.19680345e+00  2.13220895e-03
 -1.19359639e+00  3.20705872e-03]",-0.8847737,-1.0
[-1.18945376  0.00414263 -1.18436251  0.00509124 -1.17830712  0.00605539],-0.56949264,-1.0
[-1.17079687  0.00751025 -1.16181077  0.00898611 -1.15132523  0.01048553],-0.5737422,-1.0
[-1.1393213   0.01200393 -1.12577286  0.01354845 -1.11065416  0.0151187 ],-0.71607065,-1.0
[-1.09415473  0.01649943 -1.07625418  0.01790056 -1.05693722  0.01931696],-0.58550787,-1.0
[-1.03599959  0.02093763 -1.01344163  0.02255796 -0.98927475  0.02416689],-1.0,-1.0
[-0.96414551  0.02512924 -0.93809347  0.02605204 -0.91117416  0.02691931],-1.0,-1.0
[-0.88346012  0.02771403 -0.85504168  0.02841844 -0.82602726  0.02901442],-1.0,-1.0
[-0.79654325  0.02948401 -0.76673337  0.02980988 -0.73675742  0.02997595],-1.0,-1.0
[-0.70678954  0.02996788 -0.67701585  0.02977369 -0.64763173  0.02938412],-1.0,-0.9999999
[-0.61883868  0.02879305 -0.590841    0.02799767 -0.56384243  0.02699857],-1.0,-0.9999994
[-0.53804276  0.02579967 -0.51363479  0.02440797 -0.49080155  0.02283325],-0.93735397,-0.9999974
[-0.46961991  0.02118163 -0.45024739  0.01937253 -0.4328266   0.01742079],-1.0,-0.9999921
[-0.41757821  0.01524838 -0.40461165  0.01296657 -0.39401865  0.010593  ],-1.0,-0.99998564
[-0.38587321  0.00814544 -0.38023158  0.00564164 -0.37713235  0.00309923],-0.9737228,-0.99998575
[-0.37655719  0.00057515 -0.37851002 -0.00195282 -0.38297755 -0.00446754],-0.84219074,-0.99999225
[-0.38973203 -0.00675448 -0.39872702 -0.00899499 -0.40990008 -0.01117306],-0.76109684,-0.99999744
[-0.42305109 -0.01315101 -0.43808647 -0.01503538 -0.45489783 -0.01681135],-1.0,-0.9999994
[-0.4737208  -0.01882297 -0.49441646 -0.02069566 -0.51683071 -0.02241425],-1.0,-0.9999999
[-0.54079572 -0.02396501 -0.5661318  -0.02533609 -0.59264976 -0.02651795],-1.0,-1.0
[-0.62015352 -0.02750377 -0.64844322 -0.02828969 -0.67731831 -0.0288751 ],-1.0,-1.0
[-0.70658094 -0.02926263 -0.7360391  -0.02945816 -0.76550965 -0.02947055],-1.0,-1.0
[-0.79482099 -0.02931134 -0.8238153  -0.02899431 -0.85235029 -0.02853499],-1.0,-1.0
[-0.88030036 -0.02795007 -0.90755731 -0.02725695 -0.93403043 -0.02647313],-0.9420836,-1.0
[-0.95955938 -0.02552895 -0.98408737 -0.02452798 -1.00757315 -0.02348578],-0.7806998,-1.0
[-1.02974762 -0.02217447 -1.05059657 -0.02084895 -1.0701167  -0.01952013],-0.42799878,-1.0
[-1.08778473 -0.01766803 -1.10361327 -0.01582854 -1.11761953 -0.01400626],-0.49673057,-1.0
[-1.12992648 -0.01230694 -1.14055511 -0.01062864 -1.14952626 -0.00897115],-0.4910302,-1.0
[-1.15685083 -0.00732457 -1.16254599 -0.00569517 -1.1666259  -0.00407991],-0.76666903,-1.0
"[-1.16951457e+00 -2.88866317e-03 -1.17121967e+00 -1.70510282e-03
 -1.17174583e+00 -5.26161045e-04]",-1.0,-1.0
"[-1.17144448e+00  3.01346773e-04 -1.17031480e+00  1.12967860e-03
 -1.16835372e+00  1.96108251e-03]",-1.0,-1.0
[-1.16555597  0.00279776 -1.16191416  0.00364181 -1.15741895  0.00449521],-1.0,-1.0
[-1.15205917  0.00535978 -1.14582207  0.00623709 -1.13869361  0.00712846],-1.0,-1.0
[-1.13065874  0.00803487 -1.12170182  0.00895692 -1.11180709  0.00989473],-0.96677154,-1.0
[-1.10090934  0.01089776 -1.08899412  0.01191521 -1.0760487   0.01294543],-0.2029321,-1.0
[-1.06091702  0.01513167 -1.04359187  0.01732516 -1.02407126  0.01952061],-0.9359205,-1.0
[-1.00346054  0.02061072 -0.98177519  0.02168535 -0.95904173  0.02273347],-0.925269,-1.0
[-0.93528308  0.02375865 -0.91055192  0.02473116 -0.88491581  0.02563612],-0.5451662,-1.0
[-0.85788791  0.0270279  -0.82957021  0.02831769 -0.80008443  0.02948578],-1.0,-1.0
[-0.77025473  0.0298297  -0.74023937  0.03001536 -0.71021121  0.03002817],-1.0,-1.0
[-0.68035542  0.02985579 -0.65086681  0.02948861 -0.62194672  0.02892009],-1.0,-0.9999999
[-0.59379967  0.02814705 -0.56663     0.02716967 -0.54063849  0.02599151],-1.0,-0.9999992
[-0.51601924  0.02461925 -0.49295682  0.02306241 -0.4716239   0.02133292],-0.80059606,-0.9999969
[-0.45188011  0.01974379 -0.43387096  0.01800915 -0.41772757  0.01614339],-0.5501096,-0.99999106
[-0.40319009  0.01453748 -0.39036133  0.01282876 -0.37933062  0.01103071],-0.98373514,-0.99998176
[-0.37082406  0.00850656 -0.36489921  0.00592485 -0.36159576  0.00330346],-0.90128976,-0.9999803
[-0.36081199  0.00078377 -0.3625531  -0.00174111 -0.36680755 -0.00425445],-1.0,-0.9999889
[-0.37369504 -0.00688749 -0.3831693  -0.00947426 -0.3951659  -0.0119966 ],-0.65630805,-0.99999654
[-0.40908655 -0.01392065 -0.42483371 -0.01574716 -0.44229528 -0.01746157],-0.0010675291,-0.9999992
[-0.4603622  -0.01806692 -0.47890216 -0.01853996 -0.49777793 -0.01887578],-0.048533224,-0.9999998
[-0.51691998 -0.01914204 -0.5361849  -0.01926493 -0.55542826 -0.01924335],-0.45369816,-0.99999994
[-0.5751138  -0.01968554 -0.59509506 -0.01998126 -0.61522475 -0.02012969],-0.89734524,-1.0
[-0.63602189 -0.02079713 -0.65733776 -0.02131587 -0.67902331 -0.02168554],-0.89481884,-1.0
[-0.70092718 -0.02190387 -0.72290517 -0.02197799 -0.74481807 -0.0219129 ],-0.37551957,-1.0
[-0.76575425 -0.02093618 -0.78559312 -0.01983888 -0.80422648 -0.01863336],-1.0,-1.0
[-0.82249509 -0.01826861 -0.84031054 -0.01781545 -0.85759225 -0.01728171],-1.0,-1.0
[-0.87426761 -0.01667536 -0.89027192 -0.01600431 -0.9055482  -0.01527627],-1.0,-1.0
[-0.92004682 -0.01449862 -0.93372513 -0.01367831 -0.9465469  -0.01282177],-1.0,-1.0
[-0.95848178 -0.01193488 -0.96950468 -0.0110229  -0.97959518 -0.0100905 ],-1.0,-1.0
[-0.98873692 -0.00914174 -0.996917   -0.00818009 -1.00412548 -0.00720847],-0.991771,-1.0
[-1.01034245 -0.00621697 -1.01556234 -0.00521989 -1.01978114 -0.0042188 ],-1.0,-1.0
[-1.0230084  -0.00322725 -1.02524223 -0.00223383 -1.02648148 -0.00123925],-0.99310756,-1.0
"[-1.02671522e+00 -2.33741141e-04 -1.02594335e+00  7.71879343e-04
 -1.02416621e+00  1.77713764e-03]",-0.48879647,-1.0
[-1.02062823  0.00353798 -1.01533138  0.00529685 -1.00827915  0.00705224],-0.44330284,-1.0
[-0.99940889  0.00887026 -0.98872923  0.01067966 -0.97625288  0.01247634],-0.50948447,-1.0
[-0.96209718  0.01415571 -0.94628673  0.01581045 -0.92885419  0.01743254],-0.07568512,-1.0
[-0.90919109  0.0196631  -0.88735274  0.02183835 -0.8634099   0.02394285],0.014920636,-1.0
[-0.83731514  0.02609476 -0.80917742  0.02813772 -0.77912804  0.03004938],-0.959244,-1.0
[-0.74878332  0.03034472 -0.71831415  0.03046917 -0.68790512  0.03040903],-1.0,-0.99999994
[-0.6578131   0.03009202 -0.62824145  0.02957165 -0.5993978   0.02884365],-0.9214451,-0.9999997
[-0.57137272  0.02802508 -0.54437272  0.02699999 -0.51859919  0.02577353],-1.0,-0.9999985
[-0.49436316  0.02423604 -0.47184611  0.02251705 -0.45121565  0.02063046],-1.0,-0.9999942
[-0.4326238   0.01859184 -0.41620583  0.01641797 -0.40207944  0.01412639],-0.7911261,-0.99998593
[-0.39003109  0.01204836 -0.38014458  0.0098865  -0.37248777  0.00765681],-0.7160128,-0.99997926
[-0.36699989  0.00548788 -0.36371779  0.0032821  -0.36266336  0.00105443],-0.6464807,-0.99998194
[-0.36373932 -0.00107596 -0.36693852 -0.0031992  -0.3722396  -0.00530109],-0.9357542,-0.9999905
[-0.38004091 -0.0078013  -0.39028955 -0.01024864 -0.4029152  -0.01262565],-1.0,-0.99999714
[-0.41792634 -0.01501114 -0.43521681 -0.01729047 -0.4546624  -0.0194456 ],-0.5898338,-0.99999946
[-0.4755061  -0.02084369 -0.49759398 -0.02208789 -0.52076146 -0.02316748],-0.4270603,-0.9999999
[-0.5445908  -0.02382935 -0.5689034  -0.0243126  -0.59351785 -0.02461445],-0.6932847,-1.0
[-0.61865167 -0.02513382 -0.64412215 -0.02547047 -0.66974819 -0.02562604],-0.6097172,-1.0
[-0.69522747 -0.02547928 -0.72039024 -0.02516277 -0.74507591 -0.02468566],-1.0,-1.0
[-0.76972004 -0.02464413 -0.79418148 -0.02446144 -0.81832919 -0.02414771],-1.0,-1.0
[-0.84204339 -0.0237142  -0.86521633 -0.02317294 -0.88775267 -0.02253634],-0.5327119,-1.0
[-0.90886867 -0.021116   -0.92849594 -0.01962727 -0.94657912 -0.01808318],-0.9350548,-1.0
[-0.96367792 -0.0170988  -0.97975736 -0.01607944 -0.99479038 -0.01503302],-1.0,-1.0
[-1.00885423 -0.01406385 -1.0219346  -0.01308037 -1.03402215 -0.01208755],-1.0,-1.0
[-1.04511166 -0.0110895  -1.05520121 -0.01008955 -1.06429148 -0.00909027],-0.9808788,-1.0
[-1.07235636 -0.00806488 -1.07939967 -0.00704331 -1.08542596 -0.00602629],-1.0,-1.0
[-1.09046867 -0.00504271 -1.09453242 -0.00406375 -1.09762133 -0.00308891],-1.0,-1.0
"[-1.09973879e+00 -2.11745978e-03 -1.10088724e+00 -1.14845208e-03
 -1.10106805e+00 -1.80811091e-04]",-1.0,-1.0
"[-1.10028144e+00  7.86612056e-04 -1.09852646e+00  1.75497763e-03
 -1.09580107e+00  2.72539625e-03]",-1.0,-1.0
[-1.0921022   0.00369887 -1.08742598  0.00467622 -1.08176795  0.00565803],-1.0,-1.0
[-1.07512335  0.0066446  -1.06748752  0.00763583 -1.05885632  0.0086312 ],-1.0,-1.0
[-1.04922665  0.00962967 -1.03859702  0.01062963 -1.02696823  0.01162879],-0.8224919,-1.0
[-1.01407777  0.01289045 -0.99993339  0.01414439 -0.98454783  0.01538556],-0.7256454,-1.0
[-0.96779476  0.01675306 -0.94970076  0.018094   -0.9303014   0.01939936],-0.8435855,-1.0
[-0.90981959  0.02048182 -0.88831247  0.02150711 -0.86584941  0.02246307],-0.9171671,-1.0
[-0.84262303  0.02322637 -0.81872864  0.0238944  -0.79427459  0.02445405],-1.0,-1.0
[-0.76950633  0.02476826 -0.74455656  0.02494977 -0.71956833  0.02498823],-1.0,-1.0
[-0.69469354  0.02487479 -0.67009115  0.02460239 -0.6459251   0.02416605],-1.0,-0.99999994
[-0.62236205  0.02356305 -0.59956907  0.02279298 -0.57771124  0.02185784],-1.0,-0.99999976
[-0.55694933  0.0207619  -0.53743772  0.01951161 -0.51932234  0.01811538],-0.7709622,-0.9999992
[-0.50239548  0.01692686 -0.48678398  0.0156115  -0.47260448  0.01417951],-0.77788,-0.99999815
[-0.45997276  0.01263172 -0.44898216  0.0109906  -0.43971335  0.00926881],-0.69619155,-0.9999968
[-0.43211134  0.00760201 -0.4262312   0.00588014 -0.42211526  0.00411594],-0.42515716,-0.99999624
"[-4.19386475e-01  2.72878267e-03 -4.18064350e-01  1.32212498e-03
 -4.18158312e-01 -9.39619152e-05]",-0.7406869,-0.9999968
[-0.42014099 -0.00198267 -0.42399823 -0.00385724 -0.42970243 -0.00570421],-0.8580785,-0.9999982
[-0.4373887  -0.00768627 -0.44700149 -0.00961278 -0.45847082 -0.01146934],-0.18314847,-0.99999934
[-0.47070024 -0.01222942 -0.48359945 -0.01289921 -0.49707267 -0.01347321],-0.054918133,-0.99999976
[-0.51082699 -0.01375433 -0.52475946 -0.01393247 -0.5387656  -0.01400614],-0.41421685,-0.99999994
[-0.55327935 -0.01451375 -0.56819212 -0.01491277 -0.58339276 -0.01520064],-0.67125297,-0.99999994
[-0.59915423 -0.01576147 -0.61536075 -0.01620652 -0.63189459 -0.01653384],-0.85855013,-1.0
[-0.64891826 -0.01702366 -0.66631183 -0.01739358 -0.68395529 -0.01764346],-1.0,-1.0
[-0.70194193 -0.01798664 -0.7201539  -0.01821197 -0.73847567 -0.01832176],-1.0,-1.0
[-0.75679517 -0.01831951 -0.77500492 -0.01820975 -0.79300287 -0.01799795],-1.0,-1.0
[-0.81069319 -0.01769032 -0.82798681 -0.01729362 -0.84480182 -0.01681501],-0.6198944,-1.0
[-0.86049353 -0.01569172 -0.8749971  -0.01450357 -0.88825675 -0.01325965],-0.65435797,-1.0
[-0.9002768  -0.01202004 -0.91101731 -0.01074051 -0.92044511 -0.0094278 ],-1.0,-1.0
[-0.92905149 -0.00860638 -0.93681326 -0.00776177 -0.94371086 -0.0068976 ],-1.0,-1.0
[-0.94972798 -0.00601712 -0.95485121 -0.00512324 -0.95906978 -0.00421856],-1.0,-1.0
[-0.96237521 -0.00330543 -0.96476114 -0.00238593 -0.96622314 -0.001462  ],-1.0,-1.0
"[-9.66758540e-01 -5.35400779e-04 -9.66366380e-01  3.92159397e-04
 -9.65047365e-01  1.31901500e-03]",-1.0,-1.0
[-0.96280389  0.00224348 -0.95964011  0.00316378 -0.95556209  0.00407803],-1.0,-1.0
[-0.95057793  0.00498415 -0.94469807  0.00587986 -0.93793547  0.0067626 ],-1.0,-1.0
[-0.93030598  0.00762949 -0.92182864  0.00847734 -0.91252604  0.0093026 ],-0.80184776,-1.0
[-0.90212749  0.01039855 -0.89066475  0.01146273 -0.87817541  0.01248934],-0.5515846,-1.0
[-0.86432802  0.01384739 -0.84917488  0.01515314 -0.83277743  0.01639744],-0.30129611,-1.0
[-0.81483158  0.01794586 -0.79542089  0.01941069 -0.77464203  0.02077886],-1.0,-1.0
[-0.75365336  0.02098867 -0.73257303  0.02108033 -0.71152607  0.02104697],-1.0,-1.0
[-0.69064313  0.02088293 -0.67005915  0.02058398 -0.64991172  0.02014743],-0.83840173,-0.99999994
[-0.63009705  0.01981467 -0.61075477  0.01934228 -0.59202385  0.01873093],-1.0,-0.9999998
[-0.57428333  0.01774052 -0.55766414  0.01661919 -0.54228991  0.01537423],-1.0,-0.9999996
[-0.52827557  0.01401434 -0.51572615  0.01254942 -0.50473577  0.01099038],-1.0,-0.99999917
[-0.49538679  0.00934898 -0.48774914  0.00763764 -0.48187985  0.00586929],-1.0,-0.9999989
"[-4.77822635e-01  4.05721480e-03 -4.75607663e-01  2.21497185e-03
 -4.75251383e-01  3.56280686e-04]",-1.0,-0.99999905
