State,Action,Action wo Noise
[-0.43878789  0.         -0.43878789  0.         -0.43878789  0.        ],1.0,0.9999652
[-0.43791713  0.00087076 -0.43618193  0.0017352  -0.43359486  0.00258706],1.0,0.9999769
[-0.43017466  0.00342021 -0.425946    0.00422866 -0.4209393   0.0050067 ],1.0,0.99998665
[-0.41519043  0.00574887 -0.40874037  0.00645006 -0.4016348   0.00710557],1.0,0.99999166
[-0.39392369  0.00771111 -0.38566079  0.0082629  -0.37690316  0.00875764],0.79450274,0.9999943
[-0.36801881  0.00888434 -0.35906766  0.00895116 -0.35010923  0.00895843],0.879683,0.999995
[-0.3410745   0.00903473 -0.33202178  0.00905272 -0.32300856  0.00901322],0.67407626,0.999995
[-0.31439949  0.00860908 -0.3062473   0.00815219 -0.29860105  0.00764625],1.0,0.99999356
[-0.29101703  0.00758402 -0.28353925  0.00747779 -0.27621025  0.00732899],1.0,0.9999924
[-0.26907098  0.00713928 -0.26216048  0.00691049 -0.25551584  0.00664464],0.9556969,0.99999094
[-0.24923843  0.00627741 -0.24336058  0.00587785 -0.23791199  0.00544859],0.8421543,0.9999883
[-0.23308997  0.00482202 -0.228918    0.00417197 -0.22541607  0.00350193],0.5713318,0.99998236
"[-2.23006953e-01  2.40911401e-03 -2.21701915e-01  1.30503841e-03
 -2.21507008e-01  1.94907282e-04]",0.84969884,0.99996424
[-0.22200558 -0.00049858 -0.22319533 -0.00118975 -0.22507073 -0.0018754 ],0.75888985,0.99993515
[-0.22775923 -0.0026885  -0.23124816 -0.00348893 -0.2355209  -0.00427274],0.7601621,0.99988556
[-0.2405549  -0.00503399 -0.24632541 -0.00577052 -0.25280358 -0.00647817],1.0,0.9998009
[-0.25959658 -0.00679299 -0.26666898 -0.00707241 -0.27398314 -0.00731416],1.0,0.99973345
[-0.28149929 -0.00751615 -0.2891757  -0.00767641 -0.2969689  -0.0077932 ],1.0,0.99970126
[-0.30483387 -0.00786497 -0.3127243  -0.00789043 -0.32059289 -0.00786859],1.0,0.99969983
[-0.32839163 -0.00779874 -0.33607217 -0.00768054 -0.34358613 -0.00751396],1.0,0.9997299
[-0.35088551 -0.00729938 -0.35792306 -0.00703755 -0.36465264 -0.00672958],0.67144793,0.99978137
[-0.37152248 -0.00686984 -0.37848657 -0.00696408 -0.38549777 -0.0070112 ],1.0,0.9997945
[-0.39201535 -0.00651758 -0.39799437 -0.00597903 -0.4033933  -0.00539892],1.0,0.9998503
[-0.40817435 -0.00478105 -0.41230389 -0.00412954 -0.41575271 -0.00344883],1.0,0.9999089
[-0.41849635 -0.00274363 -0.42051525 -0.00201891 -0.42179502 -0.00127977],0.9887236,0.99994683
"[-4.22343418e-01 -5.48396578e-04 -4.22156519e-01  1.86898864e-04
 -4.21235662e-01  9.20856858e-04]",0.58212817,0.99996877
[-0.42019733  0.00103834 -0.41904893  0.00114839 -0.41779868  0.00125026],0.25852782,0.9999747
"[-4.16940872e-01  8.57803821e-04 -4.16481630e-01  4.59241527e-04
 -4.16424220e-01  5.74104907e-05]",0.38278577,0.9999697
"[-4.16582662e-01 -1.58442143e-04 -4.16955829e-01 -3.73167267e-04
 -4.17541065e-01 -5.85236145e-04]",0.74628466,0.9999635
"[-4.17788954e-01 -2.47888919e-04 -4.17697730e-01  9.12243759e-05
 -4.17268042e-01  4.29687698e-04]",1.0,0.99996805
[-0.41612238  0.00114566 -0.41426889  0.00185348 -0.41172076  0.00254813],1.0,0.999979
[-0.40849605  0.00322471 -0.40461755  0.0038785  -0.40011258  0.00450497],1.0,0.9999869
[-0.39501273  0.00509986 -0.38935352  0.0056592  -0.38317416  0.00617936],1.0,0.9999912
[-0.3765171   0.00665705 -0.36942771  0.00708939 -0.36195382  0.00747389],0.9953268,0.99999356
[-0.35415231  0.00780151 -0.34607463  0.00807768 -0.33777334  0.00830129],0.33237708,0.99999475
[-0.3302961   0.00747724 -0.32369016  0.00660594 -0.31799669  0.00569347],0.6321735,0.99999213
[-0.31280105  0.00519564 -0.30813484  0.00466621 -0.30402614  0.0041087 ],0.82615656,0.9999871
[-0.30020847  0.00381767 -0.29670436  0.00350411 -0.29353433  0.00317003],0.8558614,0.9999831
[-0.29067222  0.00286211 -0.28813453  0.00253769 -0.28593578  0.00219875],0.95889264,0.9999783
[-0.28393394  0.00200184 -0.28214033  0.00179361 -0.28056505  0.00157528],0.96318996,0.9999738
[-0.27921048  0.00135457 -0.27808419  0.00112629 -0.27719244  0.00089175],0.46182194,0.99996924
"[-2.77292243e-01 -9.97986669e-05 -2.78383033e-01 -1.09078994e-03
 -2.80458758e-01 -2.07572489e-03]",0.8580528,0.9999461
[-0.2829135  -0.00245474 -0.28573348 -0.00281998 -0.28890277 -0.00316929],0.9972066,0.9999206
[-0.29219461 -0.00329183 -0.29559008 -0.00339547 -0.29906954 -0.00347946],1.0,0.99991107
[-0.30260848 -0.00353894 -0.30618608 -0.0035776  -0.30978109 -0.00359501],1.0,0.9999094
[-0.31337201 -0.00359091 -0.31693716 -0.00356515 -0.32045486 -0.00351771],0.9684538,0.9999118
[-0.3239509  -0.00349603 -0.32740367 -0.00345278 -0.33079173 -0.00338806],1.0,0.9999161
[-0.33404654 -0.00325481 -0.33714761 -0.00310107 -0.34007527 -0.00292766],1.0,0.9999249
[-0.34281086 -0.00273559 -0.34533686 -0.002526   -0.347637   -0.00230014],1.0,0.9999356
[-0.34969642 -0.00205941 -0.35150173 -0.00180531 -0.35304119 -0.00153946],0.7954517,0.99994636
[-0.35461156 -0.00157037 -0.35620256 -0.001591   -0.35780375 -0.00160119],0.37820253,0.999949
[-0.36003045 -0.00222671 -0.36286798 -0.00283752 -0.3662975  -0.00342953],0.7279185,0.99992967
[-0.36977161 -0.0034741  -0.37326702 -0.00349541 -0.37676021 -0.00349319],0.9167841,0.9999194
[-0.37994424 -0.00318403 -0.38279746 -0.00285322 -0.38530039 -0.00250293],0.57253534,0.9999316
[-0.38795225 -0.00265186 -0.39073481 -0.00278256 -0.39362887 -0.00289406],0.33921412,0.99993277
[-0.39696437 -0.0033355  -0.40071813 -0.00375376 -0.40486393 -0.00414581],0.5342484,0.9999163
[-0.40908017 -0.00421623 -0.41333712 -0.00425695 -0.41760466 -0.00426754],0.7012161,0.99990964
[-0.42160201 -0.00399735 -0.42530063 -0.00369862 -0.42867402 -0.00337339],0.84297305,0.99992394
[-0.4314853  -0.00281128 -0.43371422 -0.00222891 -0.43534467 -0.00163045],0.86111695,0.9999478
"[-4.36337640e-01 -9.92973771e-04 -4.36685947e-01 -3.48307373e-04
 -4.36387065e-01  2.98882680e-04]",0.6699808,0.99996686
[-0.43572986  0.0006572  -0.4347191   0.00101076 -0.43336209  0.00135701],1.0,0.9999757
[-0.43117362  0.00218847 -0.42816949  0.00300413 -0.42437135  0.00379815],1.0,0.99998474
[-0.41980647  0.00456488 -0.41450751  0.00529896 -0.40851221  0.0059953 ],0.8637161,0.9999907
[-0.40206744  0.00644477 -0.39521851  0.00684892 -0.38801324  0.00720527],1.0,0.9999933
[-0.38029705  0.00771619 -0.37212282  0.00817423 -0.36354596  0.00857686],0.565962,0.999995
[-0.35527496  0.008271   -0.34736447  0.00791049 -0.33986608  0.0074984 ],0.85083514,0.9999945
[-0.3324007   0.00746538 -0.3250157   0.007385   -0.31775728  0.00725843],1.0,0.9999938
[-0.3104464   0.00731088 -0.30312742  0.00731898 -0.29584402  0.0072834 ],1.0,0.99999356
[-0.28863894  0.00720508 -0.28155372  0.00708522 -0.27462846  0.00692526],1.0,0.9999931
[-0.26790164  0.00672682 -0.26140993  0.00649171 -0.25518805  0.00622188],1.0,0.9999919
[-0.24926865  0.0059194  -0.24368221  0.00558644 -0.23845695  0.00522525],1.0,0.99999
[-0.23361882  0.00483813 -0.22919142  0.0044274  -0.22519599  0.00399543],1.0,0.99998665
[-0.2216514   0.00354459 -0.21857418  0.00307722 -0.21597847  0.0025957 ],0.7824251,0.9999814
"[-2.14202460e-01  1.77601280e-03 -2.13254149e-01  9.48310661e-04
 -2.13137795e-01  1.16354318e-04]",0.8187948,0.9999685
[-0.21379936 -0.00066157 -0.21523589 -0.00143653 -0.21744091 -0.00220502],0.8089342,0.99994445
[-0.22041922 -0.00297831 -0.22415717 -0.00373796 -0.22863744 -0.00448027],0.8559474,0.99990463
[-0.23376839 -0.00513095 -0.23952542 -0.00575703 -0.24588039 -0.00635497],0.6822275,0.9998493
[-0.25306217 -0.00718177 -0.26103409 -0.00797192 -0.26975449 -0.0087204 ],0.119757414,0.9997518
[-0.28002033 -0.01026584 -0.29177508 -0.01175475 -0.30495206 -0.01317698],0.5909609,0.99940574
[-0.31876736 -0.0138153  -0.33313759 -0.01437022 -0.34797336 -0.01483577],0.7657747,0.99903584
[-0.36291756 -0.0149442  -0.37787208 -0.01495452 -0.3927364  -0.01486432],0.5469519,0.9990754
[-0.40773674 -0.01500034 -0.42276823 -0.01503149 -0.43772404 -0.01495581],1.0,0.9992198
[-0.45181681 -0.01409277 -0.46494379 -0.01312698 -0.47700842 -0.01206463],0.59981215,0.9996003
[-0.48852162 -0.0115132  -0.49939769 -0.01087608 -0.5095554  -0.01015771],0.6386632,0.9997988
[-0.51886041 -0.00930501 -0.52724295 -0.00838255 -0.53464017 -0.00739722],1.0,0.999902
[-0.5404546  -0.00581443 -0.54464266 -0.00418806 -0.547173   -0.00253034],0.9068011,0.9999664
[-0.54816648 -0.00099348 -0.54761566  0.00055082 -0.54552467  0.00209099],0.5402229,0.9999888
[-0.54245902  0.00306565 -0.53844166  0.00401736 -0.53350269  0.00493898],0.8097984,0.99999475
[-0.52727474  0.00622794 -0.51980453  0.00747021 -0.51114808  0.00865645],1.0,0.9999974
[-0.50108498  0.01006309 -0.48969061  0.01139437 -0.47705012  0.0126405 ],1.0,0.9999988
[-0.4632576   0.01379252 -0.44841518  0.01484242 -0.43263186  0.01578332],1.0,0.9999993
[-0.41602236  0.0166095  -0.39870575  0.01731661 -0.38080407  0.01790168],1.0,0.9999995
[-0.3624409   0.01836317 -0.34373987  0.01870103 -0.32482328  0.0189166 ],1.0,0.99999976
[-0.3058107   0.01901258 -0.28681777  0.01899293 -0.26795508  0.01886269],1.0,0.99999976
[-0.24932721  0.01862787 -0.231032    0.01829521 -0.21315996  0.01787203],1.0,0.9999995
[-0.19579395  0.01736602 -0.17900892  0.01678503 -0.16287197  0.01613695],1.0,0.9999993
[-0.14744248  0.01542949 -0.13277239  0.01467009 -0.11890658  0.01386581],1.0,0.99999905
[-0.10588339  0.01302319 -0.09373513  0.01214826 -0.08248868  0.01124645],0.9339352,0.9999981
[-0.07226516  0.01022352 -0.06308222  0.00918294 -0.05495375  0.00812848],0.37623417,0.99999595
[-0.04872702  0.00622673 -0.04440928  0.00431774 -0.04200503  0.00240425],0.89371544,0.99998665
[-0.04074039  0.00126464 -0.04061653  0.00012387 -0.04163355 -0.00101703],1.0,0.99996257
[-0.0436311  -0.00199755 -0.04660727 -0.00297616 -0.05055903 -0.00395177],1.0,0.9999192
[-0.0554821  -0.00492306 -0.06137061 -0.00588851 -0.06821687 -0.00684626],1.0,0.99983287
[-0.07601097 -0.00779409 -0.08474034 -0.00872937 -0.09438937 -0.00964902],1.0,0.9996629
[-0.10493883 -0.01054946 -0.11636542 -0.01142659 -0.12864122 -0.0122758 ],1.0,0.99935484
[-0.14173315 -0.01309193 -0.15560247 -0.01386932 -0.17020431 -0.01460184],1.0,0.99887216
[-0.18548727 -0.01528296 -0.20139304 -0.01590578 -0.21785624 -0.0164632 ],1.0,0.9982891
[-0.23480424 -0.016948   -0.25215722 -0.01735298 -0.26982835 -0.01767113],0.6378879,0.9978765
[-0.28826733 -0.01843898 -0.30737146 -0.01910413 -0.32702909 -0.01965763],0.7621133,0.99726033
[-0.34693386 -0.01990476 -0.36695927 -0.02002542 -0.38697355 -0.02001428],1.0,0.99734807
[-0.40648407 -0.01951052 -0.42535499 -0.01887092 -0.44345211 -0.01809712],1.0,0.9985064
[-0.46064456 -0.01719245 -0.47680637 -0.0161618  -0.49181796 -0.0150116 ],1.0,0.99940217
[-0.50556755 -0.01374959 -0.51795231 -0.01238476 -0.52887942 -0.01092711],0.9610854,0.99980116
[-0.53832529 -0.00944587 -0.54621913 -0.00789383 -0.55250181 -0.00628268],0.9092101,0.99993944
[-0.55720418 -0.00470237 -0.56029112 -0.00308694 -0.5617396  -0.00144849],1.0,0.99998116
"[-5.61402655e-01  3.36946814e-04 -5.59282786e-01  2.11986850e-03
 -5.55395799e-01  3.88698769e-03]",1.0,0.9999943
[-0.54977069  0.0056251  -0.5424495   0.00732119 -0.53348701  0.0089625 ],0.426209,0.9999981
[-0.52381105  0.00967596 -0.51349418  0.01031687 -0.50261377  0.01088041],0.58229846,0.9999988
[-0.4910172   0.01159657 -0.47879115  0.01222605 -0.46602671  0.01276445],0.6736506,0.9999993
[-0.45268143  0.01334528 -0.43885355  0.01382788 -0.42464397  0.01420959],1.0,0.9999993
[-0.40966569  0.01497828 -0.39402536  0.01564032 -0.37783255  0.01619281],1.0,0.9999995
[-0.36119848  0.01663408 -0.34423478  0.01696369 -0.32705234  0.01718244],1.0,0.9999995
[-0.30976005  0.01729229 -0.29246378  0.01729626 -0.27526542  0.01719837],1.0,0.9999995
[-0.25826198  0.01700344 -0.24154497  0.01671701 -0.22519982  0.01634516],1.0,0.9999995
[-0.20930549  0.01589432 -0.1939343   0.01537119 -0.17915179  0.01478251],1.0,0.9999993
[-0.16501682  0.01413497 -0.15158171  0.01343511 -0.13889253  0.01268918],1.0,0.9999988
[-0.12698945  0.01190308 -0.11590713  0.01108232 -0.10567519  0.01023194],1.0,0.99999785
[-0.09631867  0.00935652 -0.0878585   0.00846017 -0.08031199  0.00754651],1.0,0.9999957
[-0.07369327  0.00661872 -0.06801371  0.00567957 -0.06328228  0.00473143],1.0,0.9999914
[-0.05950594  0.00377634 -0.05668986  0.00281607 -0.05483772  0.00185214],1.0,0.99998236
"[-5.39518249e-02  8.85896040e-04 -5.40332538e-02 -8.14288933e-05
 -5.50819091e-02 -1.04865534e-03]",1.0,0.99996376
[-0.05709651 -0.0020146  -0.06007452 -0.00297801 -0.06401205 -0.00393752],1.0,0.9999256
[-0.06890362 -0.00489157 -0.07474196 -0.00583835 -0.08151772 -0.00677576],1.0,0.9998491
[-0.0892191  -0.00770138 -0.09783146 -0.00861236 -0.10733692 -0.00950546],0.8616532,0.9997027
[-0.1179214  -0.01058448 -0.12955858 -0.01163719 -0.14221682 -0.01265824],1.0,0.99938226
[-0.15565095 -0.01343413 -0.16981744 -0.01416649 -0.18466646 -0.01484902],1.0,0.9989108
[-0.20014155 -0.01547509 -0.21617937 -0.01603783 -0.23270962 -0.01653025],1.0,0.99842787
[-0.24965498 -0.01694536 -0.26693133 -0.01727635 -0.28444802 -0.01751669],1.0,0.9981518
[-0.30210837 -0.01766036 -0.31981034 -0.01770196 -0.33744727 -0.01763693],1.0,0.99829745
[-0.35490888 -0.01746162 -0.37208236 -0.01717348 -0.38885348 -0.01677112],1.0,0.9987905
[-0.4051079  -0.01625441 -0.42073239 -0.0156245  -0.4356162  -0.01488381],1.0,0.9993284
[-0.44965224 -0.01403604 -0.46273834 -0.0130861  -0.47477836 -0.01204002],0.9053523,0.9996977
[-0.4858252  -0.01104684 -0.49579671 -0.00997151 -0.50461846 -0.00882175],0.6528579,0.999876
[-0.51260321 -0.00798474 -0.51969111 -0.00708791 -0.52582904 -0.00613793],0.5893393,0.999943
[-0.53106623 -0.00523719 -0.53536341 -0.00429718 -0.53868837 -0.00332496],0.80605775,0.99997234
[-0.5406911  -0.00200274 -0.54135661 -0.00066551 -0.54067992  0.0006767 ],0.67341506,0.99998856
[-0.53886505  0.00181487 -0.5359256   0.00293945 -0.53188359  0.004042  ],0.9490332,0.99999475
[-0.52635591  0.00552768 -0.519384    0.00697191 -0.51102015  0.00836385],1.0,0.99999785
[-0.50125062  0.00976953 -0.49014857  0.01110205 -0.47779698  0.01235159],0.8557534,0.99999905
[-0.46450419  0.01329279 -0.45036867  0.01413553 -0.43549433  0.01487434],0.7711203,0.9999995
[-0.42011642  0.0153779  -0.40434555  0.01577087 -0.38829344  0.01605211],0.75469226,0.9999995
[-0.37209644  0.016197   -0.35586496  0.01623149 -0.33970701  0.01615794],0.71945864,0.9999995
[-0.32378016  0.01592685 -0.30818461  0.01559555 -0.29301535  0.01516926],0.6057754,0.9999993
[-0.27853214  0.01448321 -0.26481711  0.01371503 -0.2519451   0.01287201],0.8668912,0.99999905
[-0.23959201  0.0123531  -0.2278201   0.0117719  -0.21668635  0.01113376],0.583004,0.99999833
[-0.2066682   0.01001814 -0.19781024  0.00885796 -0.19015034  0.0076599 ],0.8815752,0.9999964
[-0.18327222  0.00687812 -0.17720329  0.00606893 -0.17196698  0.00523631],0.54509944,0.99999285
[-0.16808764  0.00387934 -0.16557948  0.00250816 -0.16445152  0.00112796],0.9206928,0.99998236
[-0.1641444   0.00030712 -0.1646592  -0.0005148  -0.16599409 -0.0013349 ],0.75361294,0.9999633
[-0.16839494 -0.00240085 -0.17185308 -0.00345814 -0.17635584 -0.00450276],0.6076325,0.9999232
[-0.18210535 -0.00574951 -0.18907952 -0.00697417 -0.19725071 -0.00817119],0.4591074,0.99981594
[-0.20680815 -0.00955744 -0.21771102 -0.01090286 -0.22991068 -0.01219966],0.38863313,0.9995216
[-0.24345593 -0.01354525 -0.25828055 -0.01482462 -0.27430855 -0.016028  ],0.591932,0.9988165
[-0.29114886 -0.0168403  -0.30870674 -0.01755788 -0.32687906 -0.01817233],0.831344,0.99798596
[-0.34519561 -0.01831655 -0.36354019 -0.01834458 -0.3817926  -0.0182524 ],1.0,0.99800193
[-0.39957675 -0.01778416 -0.41676977 -0.01719301 -0.43325035 -0.01648058],1.0,0.99879
[-0.44890028 -0.01564993 -0.46360577 -0.01470549 -0.47725878 -0.01365301],1.0,0.99945724
[-0.48975823 -0.01249945 -0.50101104 -0.01125281 -0.51093314 -0.00992209],1.0,0.9997976
[-0.5194502  -0.00851706 -0.52649837 -0.00704818 -0.5320248  -0.00552643],1.0,0.9999325
[-0.53598804 -0.00396324 -0.53835838 -0.00237034 -0.53911806 -0.00075968],1.0,0.9999783
[-0.53826139  0.00085667 -0.53579479  0.00246661 -0.53173673  0.00405806],0.8236534,0.99999285
[-0.52638217  0.00535456 -0.51977125  0.00661092 -0.51195355  0.00781769],1.0,0.9999969
[-0.50272318  0.00923037 -0.49214927  0.01057391 -0.48031089  0.01183839],0.6672333,0.99999857
[-0.4677954   0.01251549 -0.45469563  0.01309977 -0.44110812  0.01358751],0.95396155,0.99999905
[-0.42670205  0.01440607 -0.41158157  0.01512048 -0.39585455  0.01572702],0.8162208,0.9999993
[-0.379838    0.01601655 -0.36364221  0.01619579 -0.34737625  0.01626596],1.0,0.9999995
[-0.33087125  0.016505   -0.3142325   0.01663875 -0.29756278  0.01666973],1.0,0.9999995
[-0.28096135  0.01660142 -0.26452321  0.01643814 -0.24833833  0.01618488],1.0,0.9999995
[-0.23249114  0.01584719 -0.21706012  0.01543102 -0.20211753  0.0149426 ],1.0,0.9999993
[-0.18772926  0.01438827 -0.17395489  0.01377437 -0.16084774  0.01310714],1.0,0.9999988
[-0.14845514  0.0123926  -0.13681868  0.01163647 -0.12597456  0.01084412],1.0,0.9999981
[-0.11595402  0.01002054 -0.10678374  0.00917028 -0.09848628  0.00829747],1.0,0.9999964
[-0.09108048  0.00740579 -0.08458194  0.00649854 -0.07900335  0.00557859],1.0,0.9999931
[-0.07435486  0.00464848 -0.07064444  0.00371042 -0.06787808  0.00276636],1.0,0.9999864
"[-6.60600711e-02  1.81801254e-03 -6.51931248e-02  8.66946317e-04
 -6.52785166e-02 -8.53917870e-05]",1.0,0.9999726
[-0.06631612 -0.00103761 -0.06830441 -0.00198829 -0.0712404  -0.00293599],0.769708,0.99994373
[-0.07546495 -0.00422455 -0.08097114 -0.00550619 -0.08774938 -0.00677823],0.9594254,0.9998629
[-0.09550235 -0.00775297 -0.10421427 -0.00871192 -0.11386586 -0.0096516 ],1.0,0.9996977
[-0.12437301 -0.01050715 -0.13570815 -0.01133513 -0.14783894 -0.01213079],0.76596874,0.9994303
[-0.1610789  -0.01323996 -0.17538364 -0.01430475 -0.1907013  -0.01531766],0.8060646,0.9988439
[-0.20691177 -0.01621047 -0.22394678 -0.017035   -0.24172937 -0.0177826 ],0.4831009,0.9979248
[-0.26065826 -0.01892888 -0.2806363  -0.01997804 -0.30155479 -0.02091849],0.57780206,0.996266
[-0.32315145 -0.02159666 -0.34529578 -0.02214433 -0.36784782 -0.02255204],0.8042008,0.9950086
[-0.39031964 -0.02247182 -0.41255833 -0.02223869 -0.43440821 -0.02184988],0.9988103,0.9962503
[-0.45542085 -0.02101264 -0.47544305 -0.0200222  -0.49432694 -0.0188839 ],1.0,0.998412
[-0.5119301  -0.01760315 -0.52812075 -0.01619065 -0.54277748 -0.01465674],0.9338546,0.9995202
[-0.55588968 -0.01311219 -0.56735929 -0.01146961 -0.57710085 -0.00974157],0.6831194,0.99987125
[-0.58541819 -0.00831734 -0.59224986 -0.00683167 -0.5975456  -0.00529574],1.0,0.9999609
[-0.60079128 -0.00324568 -0.60196317 -0.00117189 -0.60105273  0.00091044],1.0,0.99998975
[-0.5980666   0.00298613 -0.59302659  0.00504001 -0.58596963  0.00705696],1.0,0.9999974
[-0.57694762  0.00902202 -0.56602719  0.01092043 -0.55328941  0.01273778],1.0,0.9999993
[-0.53882924  0.01446017 -0.52275489  0.01607435 -0.50518687  0.01756803],1.0,0.99999976
[-0.48625686  0.01893001 -0.46610633  0.02015053 -0.44488486  0.02122147],1.0,0.99999976
[-0.42274828  0.02213659 -0.39985658  0.02289169 -0.37637179  0.0234848 ],1.0,1.0
[-0.35245564  0.02391615 -0.32826741  0.02418823 -0.30396175  0.02430566],0.8408928,1.0
[-0.27992539  0.02403636 -0.25629677  0.02362862 -0.23320352  0.02309326],1.0,1.0
[-0.21052299  0.02268052 -0.18836022  0.02216277 -0.16680882  0.0215514 ],0.82438356,0.99999976
[-0.14621429  0.02059453 -0.1266465   0.01956779 -0.10816385  0.01848265],1.0,0.99999976
[-0.09055074  0.01761311 -0.07384595  0.01670479 -0.05808006  0.01576589],0.6457189,0.9999995
[-0.04380774  0.01427232 -0.03104528  0.01276246 -0.01980341  0.01124187],0.7294919,0.99999857
[-0.00996289  0.00984052 -0.00152701  0.00843587  0.00550312  0.00703014],0.786044,0.99999595
[0.01121267 0.00570955 0.0156027  0.00439003 0.01867453 0.00307183],0.3436931,0.9999888
[ 0.01976582  0.00109129  0.01887704 -0.00088877  0.01600782 -0.00286923],0.33913746,0.99995685
[ 0.01115018 -0.00485764  0.00430264 -0.00684753 -0.00453598 -0.00883862],1.0,0.999804
[-0.01437437 -0.00983839 -0.02521043 -0.01083606 -0.03703935 -0.01182892],1.0,0.99947655
[-0.04985285 -0.0128135  -0.06363844 -0.01378559 -0.07837861 -0.01474017],0.89137673,0.9989029
[-0.09421292 -0.01583431 -0.11111097 -0.01689805 -0.12903435 -0.01792338],1.0,0.9976388
[-0.14777275 -0.0187384  -0.16726948 -0.01949673 -0.18745799 -0.02018852],0.5337253,0.9957912
[-0.2089609  -0.02150291 -0.23168787 -0.02272697 -0.25553428 -0.02384641],0.61530375,0.99164224
[-0.28025842 -0.02472414 -0.30572681 -0.02546839 -0.3317924  -0.02606559],0.936435,0.98715246
[-0.3578138  -0.0260214  -0.38362331 -0.02580951 -0.4090474  -0.02542409],0.63012713,0.990291
[-0.43436862 -0.02532122 -0.45940592 -0.02503729 -0.4839765  -0.02457058],0.94292086,0.99450624
[-0.50742916 -0.02345267 -0.52958867 -0.02215951 -0.55028888 -0.02070021],0.8955727,0.9981706
[-0.56944577 -0.01915689 -0.58691652 -0.01747076 -0.60257189 -0.01565537],0.7615105,0.99956596
[-0.61649821 -0.01392633 -0.62859451 -0.0120963  -0.63877404 -0.01017952],0.88315266,0.99990106
[-0.6467821  -0.00800807 -0.65256245 -0.00578035 -0.65607479 -0.00351234],0.70059085,0.99997926
"[-6.57568625e-01 -1.49383396e-03 -6.57033632e-01  5.34993418e-04
 -6.54473505e-01  2.56012682e-03]",0.5876748,0.999995
[-0.65007533  0.00439817 -0.64386967  0.00620566 -0.6358999   0.00796976],0.74136376,0.99999857
[-0.62599168  0.00990822 -0.61421548  0.0117762  -0.60065596  0.01355953],0.84038305,0.9999995
[-0.58526306  0.0153929  -0.56814974  0.01711332 -0.54944271  0.01870703],0.78208256,0.99999976
[-0.52936892  0.02007379 -0.50807873  0.02129019 -0.48573177  0.02234696],0.79426724,1.0
[-0.46247681  0.02325496 -0.43848629  0.02399051 -0.41393581  0.02455049],0.66709626,1.0
[-0.38919239  0.02474341 -0.36442929  0.02476311 -0.33981446  0.02461483],0.8093708,1.0
[-0.31529517  0.02451929 -0.29102439  0.02427078 -0.26714574  0.02387865],1.0,1.0
[-0.24350628  0.02363946 -0.22022889  0.02327739 -0.19742542  0.02280346],1.0,1.0
[-0.17519614  0.02222928 -0.15362943  0.02156671 -0.13280186  0.02082757],0.7879446,0.99999976
[-0.11309658  0.01970528 -0.09456686  0.01852972 -0.07725529  0.01731157],0.41207594,0.99999976
[-0.06175876  0.01549653 -0.04810133  0.01365743 -0.0362998   0.01180153],0.14467107,0.9999988
[-0.02676645  0.00953334 -0.01950805  0.00725841 -0.01452835  0.00497969],0.31148526,0.99999475
[-0.01157906  0.0029493  -0.01066102  0.00091803 -0.01177448 -0.00111346],0.7951633,0.9999745
[-0.01419364 -0.00241916 -0.01791779 -0.00372415 -0.02294558 -0.00502779],0.7143357,0.9999199
[-0.02939594 -0.00645037 -0.03726509 -0.00786915 -0.04654713 -0.00928204],0.62907714,0.9997709
[-0.05736122 -0.01081409 -0.06969476 -0.01233355 -0.08353025 -0.01383548],0.43536752,0.99928904
[-0.09913459 -0.01560435 -0.11647614 -0.01734155 -0.13551356 -0.01903742],0.46296418,0.9974983
[-0.15615277 -0.02063921 -0.17832819 -0.02217542 -0.20195986 -0.02363167],0.67666703,0.99220777
[-0.22663153 -0.02467167 -0.2522323  -0.02560077 -0.27863584 -0.02640354],0.7083674,0.9851922
[-0.30565309 -0.02701725 -0.33312838 -0.02747529 -0.36089317 -0.02776479],0.4732844,0.98296607
[-0.38912044 -0.02822727 -0.41761923 -0.02849879 -0.44618962 -0.02857039],0.6080623,0.98541677
[-0.47442328 -0.02823366 -0.50211232 -0.02768905 -0.52905031 -0.02693799],0.8856967,0.9925612
[-0.55461887 -0.02556856 -0.57862657 -0.0240077  -0.60089489 -0.02226832],0.7497738,0.99805665
[-0.62146401 -0.02056912 -0.64018497 -0.01872097 -0.6569246  -0.01673963],0.5372156,0.9996072
[-0.67188491 -0.01496031 -0.68496358 -0.01307866 -0.6960729  -0.01110932],0.66358536,0.9999163
[-0.70495024 -0.00887734 -0.71153818 -0.00658794 -0.7157947  -0.00425652],0.76112884,0.9999833
[-0.7175466  -0.00175191 -0.71678291  0.0007637  -0.71350839  0.00327451],0.6599943,0.9999969
[-0.70789538  0.00561302 -0.6999795   0.00791588 -0.68981165  0.01016785],0.93826145,0.9999993
[-0.67704082  0.01277082 -0.66175201  0.01528881 -0.64404907  0.01770294],1.0,0.99999976
[-0.62396228  0.02008679 -0.60163408  0.02232819 -0.57722595  0.02440813],0.878127,1.0
[-0.55110016  0.02612579 -0.52345116  0.02764901 -0.49448607  0.02896509],0.9332805,1.0
[-0.46433913  0.03014694 -0.43323437  0.03110475 -0.40139916  0.03183521],0.91805434,1.0
[-0.36908297  0.03231619 -0.33650751  0.03257546 -0.30388563  0.03262188],1.0,1.0
[-0.27129485  0.03259079 -0.23892076  0.03237409 -0.20693152  0.03198925],0.79446614,1.0
[-0.17578411  0.0311474  -0.14560537  0.03017875 -0.11650018  0.02910519],0.7802462,1.0
[-0.08857348  0.0279267  -0.06188867  0.02668481 -0.03649053  0.02539814],0.5519857,1.0
[-0.01274944  0.02374109  0.00932145  0.02207089  0.0297213   0.02039985],1.0,0.99999976
[0.04913108 0.01940978 0.06756797 0.01843689 0.08505604 0.01748807],0.85964775,0.99999976
[0.10141453 0.01635849 0.11667731 0.01526278 0.13088116 0.01420385],0.7007596,0.9999993
[0.14382639 0.01294523 0.1555519  0.0117255  0.16609584 0.01054395],0.3374977,0.9999981
[0.17495003 0.00885419 0.18214697 0.00719694 0.18771421 0.00556724],0.5466361,0.99999356
[0.19198744 0.00427324 0.19498396 0.00299652 0.19671609 0.00173213],0.28603888,0.9999819
"[ 1.96800124e-01  8.40387780e-05  1.95236426e-01 -1.56369756e-03
  1.92018487e-01 -3.21793978e-03]",-0.13467228,0.99994206
[ 0.18650199 -0.00551649  0.1786647  -0.00783729  0.16847599 -0.01018871],0.13372625,0.99970937
[ 0.15630046 -0.01217554  0.14209535 -0.01420511  0.12581456 -0.01628079],0.39763576,0.99853337
[ 0.1078062  -0.01800836  0.0880239  -0.01978229  0.06642473 -0.02159918],0.75748926,0.9939617
[ 0.04351126 -0.02291347  0.01925529 -0.02425597 -0.00636027 -0.02561556],0.99577445,0.9818778
[-0.03298172 -0.02662145 -0.06059728 -0.02761556 -0.08917798 -0.0285807 ],1.0,0.9609065
[-0.11866974 -0.02949176 -0.14900474 -0.030335   -0.1800941  -0.03108936],0.8775876,0.93548286
[-0.21201098 -0.03191688 -0.24462263 -0.03261165 -0.27777437 -0.03315174],0.6673648,0.9183073
[-0.31160611 -0.03383174 -0.34592172 -0.03431561 -0.38050664 -0.03458493],1.0,0.9212713
[-0.4146321  -0.03412546 -0.44806033 -0.03342823 -0.48055026 -0.03248993],1.0,0.96417606
[-0.51186216 -0.0313119  -0.54176207 -0.02989991 -0.57002581 -0.02826375],1.0,0.9912598
[-0.59644248 -0.02641667 -0.62081716 -0.02437468 -0.642973   -0.02215584],0.98582685,0.9985424
[-0.6627738  -0.0198008  -0.68008212 -0.01730831 -0.6947807  -0.01469858],0.84456605,0.9997997
[-0.70698427 -0.01220356 -0.71661393 -0.00962966 -0.72360868 -0.00699475],0.67714727,0.99997115
"[-7.28176043e-01 -4.56736276e-03 -7.30287880e-01 -2.11183629e-03
 -7.29931270e-01  3.56609477e-04]",0.9139055,0.999995
[-0.72675326  0.00317802 -0.72077331  0.00597994 -0.71202845  0.00874487],1.0,0.99999905
[-0.70044443  0.01158402 -0.68609542  0.01434901 -0.66907539  0.01702003],1.0,0.99999976
[-0.64949859  0.0195768  -0.62749984  0.02199876 -0.60323438  0.02426546],0.998735,1.0
[-0.57687922  0.02635516 -0.54862805  0.02825117 -0.51869124  0.02993681],1.0,1.0
[-0.48729123  0.03140001 -0.45466299  0.03262824 -0.42104809  0.0336149 ],1.0,1.0
[-0.38669025  0.03435784 -0.35183059  0.03485966 -0.31670293  0.03512766],0.92828,1.0
[-0.28163684  0.03506609 -0.24683783  0.03479902 -0.2124917   0.03434613],1.0,1.0
[-0.17865457  0.03383713 -0.14546688  0.03318769 -0.1130449   0.03242199],0.97482324,1.0
[-0.08151828  0.03152662 -0.05095504  0.03056324 -0.02140042  0.02955463],1.0,1.0
[0.00715936 0.02855978 0.03471971 0.02756035 0.06129361 0.0265739 ],1.0,1.0
[0.08690966 0.02561605 0.1116102  0.02470054 0.13544958 0.02383938],1.0,1.0
[0.15849253 0.02304295 0.18081279 0.02232027 0.20249193 0.02167913],1.0,0.99999976
[0.22361834 0.02112641 0.24428652 0.02066818 0.26459654 0.02031002],1.0,0.99999976
[0.28465368 0.02005715 0.30456833 0.01991464 0.32445593 0.0198876 ],1.0,0.99999976
[0.34443723 0.01998131 0.3646386  0.02020136 0.38519244 0.02055384],0.683463,0.99999976
[0.405763   0.02057056 0.42649327 0.02073028 0.44753071 0.02103744],1.0,0.99999976
