State,Action,Action wo Noise
[-0.40696114  0.         -0.40696114  0.         -0.40696114  0.        ],1.0,1.0
[-0.40631818  0.00064296 -0.40503679  0.00128139 -0.40312598  0.00191081],1.0,1.0
[-0.40059917  0.0025268  -0.39747407  0.0031251  -0.3937725   0.00370157],0.4395443,1.0
[-0.39036087  0.00341163 -0.38726282  0.00309806 -0.38449969  0.00276312],0.19808267,1.0
[-0.38245267  0.00204702 -0.38113577  0.0013169  -0.38055799  0.00057778],0.5272815,1.0
"[-3.80229466e-01  3.28523941e-04 -3.80152442e-01  7.70239675e-05
 -3.80327443e-01 -1.75001044e-04]",0.9775218,1.0
"[-3.80077916e-01  2.49527310e-04 -3.79405561e-01  6.72354722e-04
 -3.78314959e-01  1.09060184e-03]",1.0,1.0
[-0.37677981  0.00153515 -0.37481055  0.00196926 -0.37242051  0.00239004],0.9202418,1.0
[-0.36974547  0.00267504 -0.36680343  0.00294204 -0.36361411  0.00318933],0.96246064,1.0
[-0.36013544  0.00347867 -0.3563905   0.00374494 -0.352404    0.0039865 ],0.77076894,1.0
[-0.3484896   0.0039144  -0.34467279  0.00381681 -0.34097825  0.00369454],0.88488567,1.0
[-0.33725854  0.00371971 -0.3335374   0.00372115 -0.32983839  0.00369901],1.0,1.0
[-0.32601212  0.00382627 -0.32208247  0.00392964 -0.31807381  0.00400866],1.0,1.0
[-0.31401076  0.00406305 -0.30991807  0.00409269 -0.30582046  0.00409761],1.0,1.0
[-0.30174244  0.00407802 -0.29770819  0.00403425 -0.2937414   0.0039668 ],0.7697246,1.0
[-0.29021053  0.00353087 -0.28713594  0.00307459 -0.28453518  0.00260076],1.0,1.0
[-0.2820776   0.00245758 -0.27977704  0.00230056 -0.27764639  0.00213066],1.0,0.99999976
[-0.27569749  0.0019489  -0.27394114  0.00175635 -0.272387    0.00155413],1.0,0.99999976
[-0.27104361  0.0013434  -0.26991828  0.00112533 -0.26901714  0.00090114],1.0,0.99999976
"[-2.68345073e-01  6.72062097e-04 -2.67905726e-01  4.39347481e-04
 -2.67701467e-01  2.04259076e-04]",1.0,0.99999976
"[-2.67733399e-01 -3.19319112e-05 -2.68001349e-01 -2.67950574e-04
 -2.68503872e-01 -5.02522584e-04]",1.0,0.99999976
[-0.26923825 -0.00073438 -0.27020051 -0.00096226 -0.27138542 -0.00118491],0.74168664,0.99999976
[-0.27317401 -0.00178859 -0.2755565  -0.00238249 -0.27851978 -0.00296328],0.72433543,0.9999995
[-0.28207347 -0.00355368 -0.28619769 -0.00412423 -0.29086917 -0.00467148],1.0,0.9999995
[-0.29564773 -0.00477856 -0.30050575 -0.00485802 -0.30541483 -0.00490907],1.0,0.9999995
[-0.31034591 -0.00493108 -0.31526949 -0.00492359 -0.3201558  -0.00488631],0.99782664,0.9999995
[-0.32497821 -0.00482241 -0.32970693 -0.00472872 -0.33431248 -0.00460554],0.90557957,0.9999995
[-0.33890422 -0.00459175 -0.34345301 -0.00454879 -0.3479297  -0.0044767 ],0.69996446,0.99999976
[-0.35261383 -0.00468412 -0.35747488 -0.00486106 -0.36248099 -0.0050061 ],0.8982644,0.99999976
[-0.36730157 -0.00482058 -0.3719045  -0.00460293 -0.37625888 -0.00435438],0.9076346,0.99999976
[-0.38032122 -0.00406234 -0.3840639  -0.00374268 -0.38746135 -0.00339745],0.8256108,0.99999976
[-0.39061326 -0.00315191 -0.3934979  -0.00288464 -0.39609529 -0.00259739],1.0,0.99999976
[-0.39812581 -0.00203052 -0.39957531 -0.0014495  -0.40043368 -0.00085836],1.0,1.0
"[-4.00694903e-01 -2.61225597e-04 -4.00357164e-01  3.37739561e-04
 -3.99422822e-01  9.34342375e-04]",1.0,1.0
[-0.39789841  0.00152441 -0.39579456  0.00210385 -0.39312593  0.00266863],1.0,1.0
[-0.38991105  0.00321488 -0.38617217  0.00373889 -0.38193503  0.00423714],1.0,1.0
[-0.37722867  0.00470636 -0.37208515  0.00514352 -0.36653926  0.00554589],1.0,1.0
[-0.36062821  0.00591105 -0.35439132  0.00623689 -0.34786968  0.00652164],0.67512184,1.0
[-0.34159312  0.00627656 -0.3356021   0.00599102 -0.3299348   0.0056673 ],0.6047829,1.0
[-0.32473246  0.00520234 -0.32002752  0.00470493 -0.31584904  0.00417848],0.90440285,1.0
[-0.31177315  0.00407589 -0.30782456  0.00394859 -0.304027    0.00379756],0.9237802,1.0
[-0.30037402  0.00365298 -0.29688719  0.00348682 -0.29358694  0.00330025],1.0,1.0
[-0.29037811  0.00320884 -0.28727916  0.00309894 -0.28430783  0.00297133],0.8982774,1.0
[-0.28163355  0.00267429 -0.27927136  0.00236219 -0.27723447  0.00203688],0.69625485,0.99999976
"[-2.75837253e-01  1.39722087e-03 -2.75087424e-01  7.49828593e-04
 -2.74989124e-01  9.83001412e-05]",0.8667502,0.99999976
[-0.27528715 -0.00029803 -0.27597986 -0.00069271 -0.27706344 -0.00108357],0.93078303,0.99999976
[-0.27843583 -0.00137239 -0.28008942 -0.00165359 -0.28201499 -0.00192557],1.0,0.99999976
[-0.28409794 -0.00208295 -0.28632653 -0.00222859 -0.28868815 -0.00236162],1.0,0.99999976
[-0.29116934 -0.00248119 -0.29375589 -0.00258655 -0.29643287 -0.00267698],1.0,0.99999976
[-0.29918474 -0.00275187 -0.30199542 -0.00281068 -0.30484838 -0.00285296],1.0,0.99999976
[-0.30772671 -0.00287833 -0.31061326 -0.00288655 -0.31349071 -0.00287745],1.0,0.99999976
[-0.31634167 -0.00285096 -0.31914882 -0.00280715 -0.321895   -0.00274618],1.0,0.99999976
[-0.32456331 -0.00266831 -0.32713725 -0.00257394 -0.32960082 -0.00246357],1.0,0.99999976
[-0.33193861 -0.00233779 -0.33413595 -0.00219734 -0.33617897 -0.00204302],1.0,0.99999976
[-0.33805475 -0.00187577 -0.33975134 -0.0016966  -0.34125794 -0.0015066 ],1.0,0.99999976
[-0.34256491 -0.00130697 -0.34366386 -0.00109895 -0.34454773 -0.00088387],0.9139776,0.99999976
[-0.34533987 -0.00079214 -0.34603516 -0.00069529 -0.34662912 -0.00059396],0.9468011,1.0
"[-3.47068671e-01 -4.39550491e-04 -3.47350969e-01 -2.82298351e-04
 -3.47474188e-01 -1.23218552e-04]",0.76544744,1.0
"[-3.47709559e-01 -2.35371259e-04 -3.48055558e-01 -3.45999102e-04
 -3.48509942e-01 -4.54384236e-04]",0.7791184,1.0
[-0.34904926 -0.00053932 -0.34967    -0.00062075 -0.35036815 -0.00069814],1.0,1.0
"[-3.50807819e-01 -4.39673798e-04 -3.50986162e-01 -1.78342361e-04
 -3.50902011e-01  8.41511004e-05]",1.0,1.0
"[-3.50555914e-01  3.46096215e-04 -3.49950127e-01  6.05786921e-04
 -3.49088593e-01  8.61534860e-04]",0.4383465,1.0
"[-3.48819390e-01  2.69202336e-04 -3.49144269e-01 -3.24878370e-04
 -3.50061118e-01 -9.16849237e-04]",0.7914598,1.0
[-0.35103431 -0.00097319 -0.3520575  -0.00102319 -0.35312402 -0.00106652],0.7891279,1.0
[-0.3542304  -0.00110638 -0.35536939 -0.00113899 -0.35653353 -0.00116414],1.0,1.0
"[-3.57398857e-01 -8.65324582e-04 -3.57959672e-01 -5.60815178e-04
 -3.58212282e-01 -2.52610053e-04]",1.0,1.0
"[-3.58155022e-01  5.72608535e-05 -3.57788267e-01  3.66754106e-04
 -3.57114438e-01  6.73829330e-04]",1.0,1.0
[-0.35613797  0.00097647 -0.35486529  0.00127268 -0.35330476  0.00156053],1.0,1.0
[-0.35146659  0.00183817 -0.3493628   0.00210379 -0.34700708  0.00235572],1.0,1.0
[-0.3444147   0.00259237 -0.34160242  0.00281229 -0.33858829  0.00301413],1.0,1.0
[-0.33539159  0.0031967  -0.33203263  0.00335896 -0.32853262  0.00350001],1.0,1.0
[-0.32491352  0.0036191  -0.32119789  0.00371564 -0.31740868  0.00378921],1.0,1.0
[-0.31356915  0.00383953 -0.30970266  0.00386649 -0.30583254  0.00387012],1.0,1.0
[-0.30198195  0.00385059 -0.29817371  0.00380824 -0.2944302   0.00374351],1.0,1.0
[-0.29077322  0.00365698 -0.28722387  0.00354935 -0.28380244  0.00342143],1.0,1.0
[-0.28052833  0.00327411 -0.27741992  0.00310841 -0.27449453  0.00292539],0.6837659,1.0
[-0.27224266  0.00225187 -0.27067667  0.00156599 -0.2698051   0.00087157],0.77731866,0.99999976
"[-2.69492350e-01  3.12746280e-04 -2.69740128e-01 -2.47777448e-04
 -2.70547085e-01 -8.06956687e-04]",1.0,0.99999976
[-0.27157481 -0.00102773 -0.27281771 -0.0012429  -0.27426899 -0.00145128],1.0,0.99999976
[-0.27592069 -0.00165169 -0.2777637  -0.00184301 -0.27978781 -0.00202412],1.0,0.99999976
[-0.28198177 -0.00219396 -0.28433329 -0.00235152 -0.28682913 -0.00249583],0.82096976,0.99999976
[-0.28972368 -0.00289455 -0.29300042 -0.00327675 -0.29664052 -0.00364009],1.0,0.9999995
[-0.30035429 -0.00371377 -0.30412001 -0.00376572 -0.30791543 -0.00379542],1.0,0.99999976
[-0.31171794 -0.00380251 -0.31550468 -0.00378674 -0.31925271 -0.00374803],1.0,0.99999976
[-0.32293913 -0.00368642 -0.32654124 -0.00360211 -0.33003668 -0.00349544],1.0,0.99999976
[-0.33340362 -0.00336694 -0.33662087 -0.00321725 -0.33966807 -0.00304719],1.0,0.99999976
[-0.34252579 -0.00285773 -0.34517576 -0.00264996 -0.34760091 -0.00242515],0.9005927,0.99999976
[-0.34993467 -0.00233376 -0.35216189 -0.00222722 -0.35426806 -0.00210617],0.66220975,0.99999976
[-0.35659698 -0.00232892 -0.35913335 -0.00253637 -0.36186045 -0.00272711],0.43033117,0.99999976
[-0.36510806 -0.00324761 -0.36885456 -0.0037465  -0.37307491 -0.00422035],0.68263847,0.99999976
[-0.37736226 -0.00428734 -0.38168757 -0.00432531 -0.3860214  -0.00433383],0.6897789,0.99999976
[-0.39032334 -0.00430194 -0.39456376 -0.00424042 -0.39871329 -0.00414953],0.99011135,0.99999976
[-0.40229253 -0.00357924 -0.40527645 -0.00298392 -0.4076441  -0.00236765],0.8327619,1.0
[-0.40961484 -0.00197074 -0.41117475 -0.00155991 -0.4123128  -0.00113805],0.7351621,1.0
"[-4.13167339e-01 -8.54535413e-04 -4.13732300e-01 -5.64960362e-04
 -4.14003677e-01 -2.71377352e-04]",0.73617065,1.0
"[-4.13978033e-01  2.56445536e-05 -4.13655548e-01  3.22484430e-04
 -4.13038513e-01  6.17035665e-04]",1.0,1.0
[-0.41173556  0.00130295 -0.40975592  0.00197964 -0.4071136   0.00264232],0.89923936,1.0
[-0.40397839  0.00313521 -0.40037234  0.00360605 -0.39632072  0.00405162],0.7874514,1.0
[-0.39201948  0.00430124 -0.38749848  0.004521   -0.38278893  0.00470955],1.0,1.0
[-0.37760432  0.00518461 -0.37198     0.00562432 -0.36595401  0.00602599],0.89227146,1.0
[-0.35972836  0.00622564 -0.35334443  0.00638393 -0.3468442   0.00650023],1.0,1.0
[-0.34010836  0.00673583 -0.33318025  0.00692811 -0.32610387  0.00707639],1.0,1.0
[-0.31892354  0.00718033 -0.31168362  0.00723992 -0.30442814  0.00725548],0.66996837,1.0
[-0.29769558  0.00673256 -0.2915256   0.00616998 -0.28595397  0.00557163],0.78249747,1.0
[-0.28084373  0.00511024 -0.27622368  0.00462004 -0.27211953  0.00410415],1.0,1.0
[-0.26822758  0.00389195 -0.26456898  0.0036586  -0.26116339  0.00340559],1.0,1.0
[-0.25802894  0.00313445 -0.25518214  0.0028468  -0.25263785  0.00254429],1.0,0.99999976
[-0.25040924  0.00222861 -0.24850776  0.00190148 -0.24694311  0.00156465],1.0,0.99999976
[-0.24572324  0.00121988 -0.2448543   0.00086894 -0.24434066  0.00051363],0.9363474,0.99999976
"[-2.44280401e-01  6.02634976e-05 -2.44673808e-01 -3.93407077e-04
 -2.45518911e-01 -8.45102485e-04]",1.0,0.99999976
[-0.24671598 -0.00119707 -0.24825897 -0.00154299 -0.25014005 -0.00188109],1.0,0.9999995
[-0.25234965 -0.00220959 -0.25487641 -0.00252676 -0.25770726 -0.00283086],0.90635246,0.9999995
[-0.26096792 -0.00326066 -0.26464123 -0.0036733  -0.26870763 -0.00406641],1.0,0.9999993
[-0.2730048  -0.00429716 -0.27750931 -0.00450451 -0.28219634 -0.00468703],1.0,0.9999993
[-0.28703973 -0.00484339 -0.2920121  -0.00497236 -0.29708496 -0.00507286],1.0,0.9999995
[-0.30222892 -0.00514396 -0.30741377 -0.00518485 -0.31260871 -0.00519494],0.8284799,0.9999995
[-0.31803978 -0.00543108 -0.32367396 -0.00563417 -0.32947655 -0.00580259],0.8669107,0.9999995
[-0.33535379 -0.00587723 -0.34126863 -0.00591485 -0.34718341 -0.00591478],1.0,0.9999995
[-0.3528604  -0.00567699 -0.35826266 -0.00540226 -0.36335472 -0.00509206],1.0,0.99999976
[-0.36810284 -0.00474813 -0.37247535 -0.00437251 -0.37644285 -0.0039675 ],0.85424715,0.99999976
[-0.38019715 -0.0037543  -0.38371272 -0.00351557 -0.38696555 -0.00325282],1.0,0.99999976
[-0.38971466 -0.00274911 -0.39194112 -0.00222646 -0.39362955 -0.00168842],0.9233345,1.0
"[-3.94883223e-01 -1.25367764e-03 -3.95693453e-01 -8.10229945e-04
 -3.96054603e-01 -3.61150199e-04]",0.73536086,1.0
"[-3.96246122e-01 -1.91518678e-04 -3.96266676e-01 -2.05544846e-05
 -3.96116123e-01  1.50552754e-04]",0.73823464,1.0
"[-3.95791200e-01  3.24922995e-04 -3.95294167e-01  4.97032816e-04
 -3.94628481e-01  6.65686605e-04]",0.3721676,1.0
"[-3.94347867e-01  2.80614350e-04 -3.94454273e-01 -1.06406604e-04
 -3.94946962e-01 -4.92688707e-04]",0.43769416,1.0
[-0.39572422 -0.00077726 -0.39678065 -0.00105643 -0.39810889 -0.00132824],0.9456759,1.0
"[-3.98937711e-01 -8.28825465e-04 -3.99261339e-01 -3.23627083e-04
 -3.99077507e-01  1.83831163e-04]",0.8649216,1.0
[-0.39850863  0.00056887 -0.39755869  0.00094995 -0.39623429  0.00132439],0.81210935,1.0
[-0.3946239   0.0016104  -0.39273869  0.00188521 -0.39059175  0.00214694],0.850437,1.0
[-0.38814045  0.0024513  -0.3854017   0.00273875 -0.38239433  0.00300737],0.9065253,1.0
[-0.37905482  0.00333951 -0.37540595  0.00364888 -0.37147247  0.00393347],1.0,1.0
[-0.36714075  0.00433172 -0.36243986  0.0047009  -0.35740111  0.00503875],1.0,1.0
[-0.35205783  0.00534327 -0.34644508  0.00561276 -0.3405993   0.00584577],0.6102941,1.0
[-0.33514267  0.00545663 -0.33010992  0.00503276 -0.32553275  0.00457716],0.19122954,1.0
[-0.32206836  0.00346439 -0.31973819  0.00233017 -0.31855657  0.00118161],0.19329388,1.0
"[-3.18527678e-01  2.88965811e-05 -3.19651672e-01 -1.12399439e-03
 -3.21921665e-01 -2.26999285e-03]",0.7066337,0.99999976
[-0.32455368 -0.00263201 -0.32753143 -0.00297775 -0.33083639 -0.00330497],1.0,0.99999976
[-0.33400784 -0.00317144 -0.33702577 -0.00301794 -0.33987108 -0.00284531],1.0,0.99999976
[-0.34252563 -0.00265455 -0.34497241 -0.00244678 -0.34719569 -0.00222328],1.0,0.99999976
[-0.34918109 -0.0019854  -0.35091575 -0.00173465 -0.35238837 -0.00147262],1.0,0.99999976
[-0.35358935 -0.00120098 -0.35451083 -0.00092148 -0.35514678 -0.00063595],1.0,0.99999976
"[-3.55493029e-01 -3.46249127e-04 -3.55547303e-01 -5.42736069e-05
 -3.55309245e-01  2.38058305e-04]",1.0,1.0
[-0.35478042  0.00052883 -0.35396429  0.00081613 -0.35286621  0.00109808],1.0,1.0
[-0.35149337  0.00137284 -0.34985473  0.00163864 -0.34796096  0.00189377],1.0,1.0
[-0.34582436  0.0021366  -0.34345876  0.0023656  -0.3408794   0.00257936],1.0,1.0
[-0.33810282  0.00277657 -0.33514677  0.00295606 -0.33203     0.00311676],1.0,1.0
[-0.32877221  0.00325779 -0.32539383  0.00337838 -0.32191592  0.00347791],0.96491593,1.0
[-0.31841265  0.00350327 -0.31490554  0.00350711 -0.31141598  0.00348955],1.0,1.0
[-0.30791248  0.0035035  -0.30441609  0.00349639 -0.30094765  0.00346845],1.0,1.0
[-0.29752766  0.00341999 -0.29417617  0.00335149 -0.29091268  0.00326349],0.94633436,1.0
[-0.28783652  0.00307616 -0.2849653   0.00287123 -0.28231531  0.00264999],0.978203,1.0
[-0.27985371  0.0024616  -0.27759427  0.00225943 -0.27554958  0.00204469],0.672035,0.99999976
"[-2.74190204e-01  1.35937970e-03 -2.73523621e-01  6.66583507e-04
 -2.73553494e-01 -2.98733059e-05]",0.5840352,0.99999976
[-0.27441166 -0.00085817 -0.2760934  -0.00168174 -0.27858945 -0.00249605],0.9786407,0.9999995
[-0.28129406 -0.00270461 -0.28419213 -0.00289807 -0.28726735 -0.00307522],0.8276465,0.9999995
[-0.29072877 -0.00346143 -0.29455661 -0.00382784 -0.29872878 -0.00417217],1.0,0.9999995
[-0.30296243 -0.00423365 -0.30723264 -0.00427021 -0.31151402 -0.00428138],1.0,0.9999995
[-0.31578086 -0.00426685 -0.32000732 -0.00422645 -0.32416753 -0.00416021],0.6825458,0.9999995
[-0.328712   -0.00454447 -0.33361244 -0.00490044 -0.33883806 -0.00522562],1.0,0.9999995
[-0.34387951 -0.00504145 -0.3487045  -0.00482499 -0.35328183 -0.00457733],1.0,0.99999976
[-0.35758168 -0.00429985 -0.36157582 -0.00399414 -0.36523784 -0.00366202],1.0,0.99999976
[-0.36854339 -0.00330555 -0.37147037 -0.00292698 -0.37399911 -0.00252874],1.0,0.99999976
[-0.37611256 -0.00211345 -0.37779642 -0.00168386 -0.37903926 -0.00124284],1.0,1.0
"[-3.79832632e-01 -7.93369114e-04 -3.80171128e-01 -3.38495812e-04
 -3.80052444e-01  1.18684261e-04]",1.0,1.0
[-0.37947739  0.00057506 -0.37844988  0.00102751 -0.37697691  0.00147297],1.0,1.0
[-0.37506848  0.00190843 -0.37273754  0.00233095 -0.36999981  0.00273772],1.0,1.0
[-0.36687375  0.00312607 -0.36338029  0.00349346 -0.35954273  0.00383756],0.9737218,1.0
[-0.35542593  0.0041168  -0.35105702  0.00436892 -0.34646456  0.00459245],1.0,1.0
[-0.34163897  0.0048256  -0.3366113   0.00502767 -0.33141363  0.00519767],1.0,1.0
[-0.32607881  0.00533482 -0.32064021  0.0054386  -0.31513147  0.00550874],1.0,1.0
[-0.30958629  0.00554518 -0.30403818  0.00554811 -0.29852026  0.00551792],1.0,1.0
[-0.29306504  0.00545522 -0.28770425  0.00536079 -0.28246864  0.0052356 ],1.0,1.0
[-0.27738786  0.00508078 -0.27249028  0.00489758 -0.26780287  0.00468741],1.0,1.0
[-0.2633511   0.00445177 -0.25915884  0.00419225 -0.25524831  0.00391054],0.7548823,1.0
[-0.25200761  0.00324069 -0.24945352  0.00255409 -0.24759912  0.0018544 ],1.0,0.99999976
[-0.24608617  0.00151295 -0.24492232  0.00116385 -0.24411344  0.00080888],1.0,0.99999976
"[-2.43663583e-01  4.49852430e-04 -2.43575014e-01  8.85690889e-05
 -2.43848172e-01 -2.73157657e-04]",1.0,0.99999976
[-0.24448169 -0.00063352 -0.24547239 -0.0009907  -0.24681528 -0.0013429 ],0.7669977,0.9999995
[-0.2488531  -0.00203782 -0.2515755  -0.0027224  -0.25496855 -0.00339305],0.56282485,0.9999995
[-0.25932098 -0.00435243 -0.26461004 -0.00528906 -0.27080765 -0.00619762],0.6101625,0.99999905
[-0.27780938 -0.00700173 -0.28557672 -0.00776734 -0.29406609 -0.00848937],1.0,0.99999857
[-0.30264411 -0.00857801 -0.31126056 -0.00861645 -0.31986401 -0.00860345],0.9253276,0.9999988
[-0.32851411 -0.00865009 -0.33715724 -0.00864313 -0.34573891 -0.00858167],1.0,0.99999905
[-0.35409213 -0.00835322 -0.36216256 -0.00807043 -0.36989699 -0.00773442],1.0,0.9999995
[-0.37724376 -0.00734677 -0.38415326 -0.0069095  -0.39057837 -0.00642511],1.0,0.99999976
[-0.39647486 -0.00589649 -0.40180183 -0.00532698 -0.4065221  -0.00472026],1.0,0.99999976
[-0.41060249 -0.00408039 -0.41401422 -0.00341173 -0.4167331  -0.00271889],1.0,1.0
[-0.41873982 -0.00200672 -0.42002008 -0.00128026 -0.42056473 -0.00054465],1.0,1.0
"[-4.20369896e-01  1.94837281e-04 -4.19436959e-01  9.32936788e-04
 -4.17772584e-01  1.66437512e-03]",1.0,1.0
[-0.41538864  0.00238394 -0.41230209  0.00308655 -0.40853484  0.00376725],0.61741984,1.0
[-0.40468741  0.00384743 -0.40078689  0.00390052 -0.39686062  0.00392626],0.8428013,1.0
[-0.39259796  0.00426267 -0.3880285   0.00456946 -0.38318382  0.00484468],0.48000434,1.0
[-0.37864137  0.00454245 -0.37443215  0.00420922 -0.37058471  0.00384744],0.5472395,1.0
[-0.36702413  0.00356058 -0.3637743   0.00324984 -0.36085688  0.00291742],0.33971947,1.0
[-0.35860254  0.00225435 -0.35702617  0.00157637 -0.35613816  0.000888  ],0.82777125,1.0
[-0.35521229  0.00092588 -0.35425462  0.00095766 -0.35327145  0.00098317],0.4841807,1.0
"[-3.52784589e-01  4.86859837e-04 -3.52797227e-01 -1.26379306e-05
 -3.53309280e-01 -5.12053088e-04]",0.610921,1.0
[-0.35412729 -0.00081801 -0.3552459  -0.00111861 -0.35665777 -0.00141188],0.8105767,1.0
[-0.35805415 -0.00139638 -0.35942584 -0.00137169 -0.36076378 -0.00133794],0.93419915,1.0
[-0.36187368 -0.00110991 -0.3627482  -0.00087451 -0.36338152 -0.00063332],0.6894508,1.0
[-0.36413655 -0.00075504 -0.36500828 -0.00087173 -0.36599089 -0.00098261],0.99060625,1.0
"[-3.66626101e-01 -6.35208549e-04 -3.66909662e-01 -2.83560615e-04
 -3.66839679e-01  6.99829467e-05]",1.0,1.0
[-0.36640253  0.00043715 -0.36560114  0.00080139 -0.36444085  0.00116029],1.0,1.0
[-0.3629294   0.00151144 -0.36107686  0.00185255 -0.3588955   0.00218135],0.86762327,1.0
[-0.35659833  0.00229717 -0.35420049  0.00239784 -0.35171771  0.00248278],0.96937686,1.0
[-0.34901361  0.00270411 -0.34610578  0.00290783 -0.34301306  0.00309272],1.0,1.0
[-0.33970944  0.00330361 -0.3362161   0.00349334 -0.33255527  0.00366083],1.0,1.0
[-0.3287501   0.00380517 -0.32482449  0.00392562 -0.32080288  0.00402161],1.0,1.0
[-0.31671014  0.00409274 -0.31257134  0.0041388  -0.30841162  0.00415972],1.0,1.0
[-0.30425601  0.0041556  -0.30012931  0.00412671 -0.29605586  0.00407344],1.0,1.0
[-0.29205951  0.00399635 -0.28816339  0.00389613 -0.28438983  0.00377355],1.0,1.0
[-0.28076027  0.00362956 -0.27729512  0.00346515 -0.27401368  0.00328144],1.0,1.0
[-0.27093405  0.00307962 -0.26807309  0.00286096 -0.26544632  0.00262677],1.0,1.0
[-0.26306787  0.00237845 -0.26095044  0.00211743 -0.25910528  0.00184516],1.0,0.99999976
[-0.25754211  0.00156317 -0.25626914  0.00127297 -0.25529303  0.00097612],0.9798518,0.99999976
"[-2.54649065e-01  6.43960389e-04 -2.54340605e-01  3.08460405e-04
 -2.54369244e-01 -2.86392009e-05]",1.0,0.99999976
[-0.25470461 -0.00033537 -0.25534497 -0.00064036 -0.25628699 -0.00094202],1.0,0.99999976
[-0.25752577 -0.00123878 -0.25905483 -0.00152906 -0.26086616 -0.00181133],1.0,0.99999976
[-0.26295019 -0.00208404 -0.26529588 -0.00234569 -0.2678907  -0.00259482],1.0,0.9999995
[-0.27072068 -0.00282999 -0.27377049 -0.00304981 -0.27702346 -0.00325297],0.75340897,0.9999995
[-0.28083153 -0.00380807 -0.28517349 -0.00434196 -0.2900249  -0.00485141],0.8329073,0.9999995
[-0.29523888 -0.00521397 -0.30078533 -0.00554645 -0.30663182 -0.0058465 ],0.7855156,0.9999995
[-0.3128148  -0.00618298 -0.31929712 -0.00648232 -0.32603928 -0.00674216],0.84147316,0.9999995
[-0.33291569 -0.00687641 -0.33988328 -0.00696759 -0.34689782 -0.00701454],1.0,0.9999995
[-0.35367642 -0.0067786  -0.36017495 -0.00649853 -0.36635065 -0.0061757 ],1.0,0.99999976
[-0.37216245 -0.0058118  -0.37757135 -0.0054089  -0.38254076 -0.00496941],1.0,0.99999976
[-0.38703681 -0.00449605 -0.39102867 -0.00399186 -0.39448879 -0.00346013],0.71164435,0.99999976
[-0.39782575 -0.00333695 -0.40101631 -0.00319056 -0.40403819 -0.00302188],0.9724266,1.0
[-0.40647903 -0.00244084 -0.40832166 -0.00184264 -0.40955311 -0.00123144],0.96830535,1.0
"[-4.10170847e-01 -6.17738308e-04 -4.10170514e-01  3.33167061e-07
 -4.09552111e-01  6.18402287e-04]",1.0,1.0
[-0.40827247  0.00127964 -0.40634062  0.00193185 -0.40377018  0.00257044],1.0,1.0
[-0.40057923  0.00319096 -0.39679012  0.00378911 -0.39242929  0.00436082],0.8168816,1.0
[-0.38780173  0.00462757 -0.38293938  0.00486235 -0.37787562  0.00506376],0.71709716,1.0
[-0.37279466  0.00508096 -0.36773089  0.00506377 -0.36271835  0.00501254],1.0,1.0
[-0.35736611  0.00535224 -0.35170958  0.00565653 -0.34578583  0.00592374],0.8977828,1.0
[-0.33978666  0.00599917 -0.33375059  0.00603607 -0.32771596  0.00603462],0.5180093,1.0
[-0.32229034  0.00542562 -0.3175074   0.00478294 -0.31339651  0.00411088],0.84542215,1.0
[-0.30949158  0.00390493 -0.30581616  0.00367542 -0.30239223  0.00342394],1.0,1.0
[-0.29900822  0.003384   -0.29568406  0.00332416 -0.29243915  0.00324491],0.8568507,1.0
[-0.28950701  0.00293214 -0.28690448  0.00260253 -0.28464641  0.00225806],1.0,1.0
[-0.28253089  0.00211552 -0.28056985  0.00196104 -0.27877428  0.00179557],1.0,1.0
[-0.2771542   0.00162008 -0.27571861  0.00143559 -0.27447544  0.00124316],1.0,0.99999976
[-0.27343156  0.00104388 -0.2725927   0.00083887 -0.27196344  0.00062926],1.0,0.99999976
"[-2.71547232e-01  4.16206384e-04 -2.71346349e-01  2.00883644e-04
 -2.71361883e-01 -1.55348256e-05]",0.8936871,0.99999976
[-0.27175322 -0.00039134 -0.27251823 -0.00076501 -0.27365272 -0.00113449],0.7817331,0.99999976
[-0.27531841 -0.00166569 -0.27750615 -0.00218773 -0.28020382 -0.00269767],0.8499633,0.99999976
[-0.28329406 -0.00309024 -0.28675954 -0.00346548 -0.29058063 -0.0038211 ],0.76097816,0.9999995
[-0.294869   -0.00428837 -0.29959989 -0.00473088 -0.30474568 -0.00514579],0.84240854,0.9999995
[-0.31015384 -0.00540817 -0.31579205 -0.00563821 -0.32162619 -0.00583414],1.0,0.9999995
[-0.32738412 -0.00575793 -0.33303014 -0.00564601 -0.33852882 -0.00549868],1.0,0.99999976
[-0.34384531 -0.00531649 -0.34894555 -0.00510024 -0.35379657 -0.00485102],1.0,0.99999976
[-0.35836674 -0.00457017 -0.36262602 -0.00425928 -0.36654622 -0.00392019],1.0,0.99999976
[-0.37010121 -0.00355499 -0.37326717 -0.00316596 -0.37602279 -0.00275562],1.0,1.0
[-0.37834942 -0.00232663 -0.38023127 -0.00188185 -0.38165554 -0.00142426],1.0,1.0
"[-3.82612490e-01 -9.56954849e-04 -3.83095596e-01 -4.83105755e-04
 -3.83101548e-01 -5.95158205e-06]",0.8089105,1.0
"[-3.82916939e-01  1.84609055e-04 -3.82543032e-01  3.73906459e-04
 -3.81982386e-01  5.60646278e-04]",0.5512772,1.0
"[-3.81625282e-01  3.57103698e-04 -3.81474161e-01  1.51121529e-04
 -3.81530053e-01 -5.58926855e-05]",0.5281953,1.0
"[-3.81827201e-01 -2.97148068e-04 -3.82363575e-01 -5.36373800e-04
 -3.83135509e-01 -7.71933790e-04]",0.6189076,1.0
[-0.38400165 -0.00086615 -0.38495608 -0.00095443 -0.38599224 -0.00103616],0.53739244,1.0
[-0.3872253  -0.00123306 -0.38864677 -0.00142147 -0.39024687 -0.0016001 ],0.49680394,1.0
[-0.39207544 -0.00182857 -0.39411984 -0.00204439 -0.39636588 -0.00224604],0.6993659,1.0
[-0.39849412 -0.00212824 -0.40048971 -0.0019956  -0.40233874 -0.00184902],0.6485609,1.0
[-0.40410444 -0.0017657  -0.40577444 -0.00167    -0.40733699 -0.00156255],0.41277385,1.0
[-0.40913477 -0.00179778 -0.4111551  -0.00202033 -0.41338369 -0.00222859],0.21718176,1.0
[-0.41609814 -0.00271445 -0.41927917 -0.00318103 -0.42290412 -0.00362495],0.59261894,1.0
[-0.42638391 -0.00347979 -0.4296936  -0.00330969 -0.43280937 -0.00311577],0.9268217,1.0
[-0.43520743 -0.00239807 -0.43687046 -0.00166303 -0.4377864  -0.00091594],0.90584767,1.0
"[-4.37980083e-01 -1.93678952e-04 -4.37450093e-01  5.29989973e-04
 -4.36200278e-01  1.24981518e-03]",1.0,1.0
[-0.43409847  0.00210181 -0.43115987  0.0029386  -0.42740572  0.00375416],1.0,1.0
[-0.42286304  0.00454268 -0.41756443  0.00529861 -0.41154773  0.0060167 ],1.0,1.0
[-0.40485568  0.00669205 -0.39753549  0.00732019 -0.38963839  0.0078971 ],1.0,1.0
[-0.38121917  0.00841922 -0.37233562  0.00888355 -0.36304801  0.00928761],0.89516044,1.0
[-0.35357576  0.00947224 -0.34398137  0.00959439 -0.33432712  0.00965425],1.0,1.0
[-0.32451734  0.00980978 -0.31461348  0.00990386 -0.30467633  0.00993715],1.0,1.0
[-0.29476557  0.00991076 -0.2849394   0.00982617 -0.27525412  0.00968528],0.8051429,1.0
[-0.26605611  0.009198   -0.25739544  0.00866067 -0.24931803  0.00807742],0.86617595,1.0
[-0.24177405  0.00754398 -0.23480153  0.00697253 -0.22843473  0.0063668 ],1.0,1.0
[-0.2225035   0.00593123 -0.21703568  0.00546782 -0.2120564   0.00497928],0.52665627,1.0
[-0.20829808  0.00375832 -0.20577733  0.00252075 -0.20450516  0.00127217],0.5912856,0.99999976
"[-2.04390143e-01  1.15021544e-04 -2.05432763e-01 -1.04261924e-03
 -2.07628513e-01 -2.19575011e-03]",0.9270785,0.9999995
[-0.21046414 -0.00283563 -0.21392717 -0.00346303 -0.21800215 -0.00407499],0.6621602,0.9999993
[-0.22306803 -0.00506588 -0.22910146 -0.00603343 -0.23607404 -0.00697258],0.6723207,0.9999988
[-0.24393694 -0.0078629  -0.25265128 -0.00871433 -0.26217274 -0.00952146],0.48024452,0.99999833
[-0.27273962 -0.01056688 -0.28429494 -0.01155532 -0.29677443 -0.01247949],0.80775553,0.99999785
[-0.30961519 -0.01284076 -0.32274121 -0.01312602 -0.3360725  -0.0133313 ],0.4774288,0.99999833
[-0.35002108 -0.01394858 -0.36449731 -0.01447622 -0.37940585 -0.01490855],0.6539019,0.99999857
[-0.39438158 -0.01497573 -0.40932149 -0.01493991 -0.42412094 -0.01479945],0.90420353,0.9999993
[-0.43829915 -0.0141782  -0.45175383 -0.01345469 -0.46438689 -0.01263305],1.0,0.99999976
[-0.4759617  -0.01157481 -0.48639257 -0.01043088 -0.49560192 -0.00920934],0.9313644,1.0
[-0.50362394 -0.00802203 -0.51039864 -0.0067747  -0.51587527 -0.00547663],1.0,1.0
[-0.51990982 -0.00403455 -0.52247204 -0.00256222 -0.52354271 -0.00107067],1.0,1.0
"[-5.23113794e-01  4.28912197e-04 -5.21188519e-01  1.92527483e-03
 -5.17781321e-01  3.40719807e-03]",0.89809275,1.0
[-0.51307061  0.00471071 -0.50709171  0.0059789  -0.49988943  0.00720229],1.0,1.0
[-0.49136481  0.00852462 -0.48158157  0.00978324 -0.47061263  0.01096894],1.0,1.0
[-0.45853941  0.01207322 -0.44545105  0.01308836 -0.43144344  0.01400761],1.0,1.0
[-0.41661822  0.01482522 -0.40108165  0.01553657 -0.38494341  0.01613824],1.0,1.0
[-0.36831536  0.01662805 -0.35131026  0.0170051  -0.33404056  0.0172697 ],1.0,1.0
[-0.31661715  0.01742341 -0.29914824  0.0174689  -0.28173836  0.01740988],1.0,1.0
[-0.26448741  0.01725095 -0.24748991  0.0169975  -0.23083441  0.0166555 ],1.0,1.0
