State,Action,Action wo Noise
[-0.59213734  0.         -0.59213734  0.         -0.59213734  0.        ],1.0,1.0
[-0.59012692  0.00201042 -0.58612084  0.00400608 -0.58014859  0.00597225],1.0,1.0
[-0.57225424  0.00789434 -0.56249628  0.00975796 -0.55094725  0.01154903],1.0,1.0
[-0.53769333  0.01325392 -0.52283373  0.0148596  -0.50647988  0.01635386],0.9792328,1.0
[-0.4887855   0.01769437 -0.46988291  0.0189026  -0.44991259  0.01997032],0.60490113,1.0
[-0.42958308  0.02032951 -0.40904202  0.02054106 -0.38843598  0.02060605],0.38156748,1.0
[-0.36824375  0.02019223 -0.3486026   0.01964114 -0.32964212  0.01896049],0.54729056,1.0
[-0.31123466  0.01840746 -0.29349342  0.01774124 -0.2765232   0.01697022],0.41865852,1.0
[-0.26061297  0.01591023 -0.2458488   0.01476417 -0.23230695  0.01354185],0.8230687,1.0
[-0.21944755  0.0128594  -0.20733106  0.01211649 -0.19601177  0.01131929],0.89278996,1.0
[-0.18543337  0.0105784  -0.17563883  0.00979455 -0.166666    0.00897283],0.69993895,1.0
[-0.15883723  0.00782878 -0.15218004  0.00665718 -0.14671691  0.00546313],0.9074069,1.0
[-0.14215438  0.00456253 -0.13850684  0.00364755 -0.13578544  0.00272139],1.0,1.0
[-0.13385948  0.00192597 -0.13273462  0.00112485 -0.13241417  0.00032045],1.0,1.0
[-0.13289904 -0.00048487 -0.13418783 -0.00128879 -0.13627678 -0.00208894],0.7754802,1.0
[-0.13949646 -0.00321969 -0.14383719 -0.00434073 -0.14928553 -0.00544834],1.0,1.0
[-0.15548732 -0.00620179 -0.16242202 -0.0069347  -0.17006576 -0.00764374],1.0,1.0
[-0.17839112 -0.00832536 -0.18736693 -0.00897581 -0.19695808 -0.00959115],0.77204823,0.99999976
[-0.2074673  -0.01050922 -0.21884964 -0.01138235 -0.23105417 -0.01220453],0.80954325,0.99999976
[-0.24396746 -0.01291329 -0.2575262  -0.01355874 -0.2716609  -0.0141347 ],0.820543,1.0
[-0.28627949 -0.01461859 -0.30130056 -0.01502107 -0.31663719 -0.01533663],0.6391249,1.0
[-0.33246952 -0.01583233 -0.34869936 -0.01622984 -0.3652229  -0.01652354],0.6678619,1.0
[-0.38188827 -0.01666537 -0.39858296 -0.01669468 -0.41519164 -0.01660868],1.0,1.0
[-0.43109911 -0.01590748 -0.44619147 -0.01509236 -0.46035918 -0.01416771],1.0,1.0
[-0.47349834 -0.01313916 -0.48551184 -0.0120135  -0.49631038 -0.01079853],1.0,1.0
[-0.50581334 -0.00950297 -0.51394964 -0.0081363  -0.52065829 -0.00670865],1.0,1.0
[-0.525889   -0.00523071 -0.52960253 -0.00371353 -0.53177104 -0.00216851],0.9975387,1.0
[-0.53238195 -0.00061091 -0.53143069  0.00095126 -0.52892438  0.0025063 ],0.9057622,1.0
[-0.52501949  0.00390489 -0.51974531  0.00527419 -0.51314138  0.00660393],1.0,1.0
[-0.50511587  0.00802551 -0.4957289   0.00938696 -0.48505072  0.01067818],1.0,1.0
[-0.47316101  0.01188971 -0.46014814  0.01301287 -0.44610827  0.01403986],1.0,1.0
[-0.43114437  0.0149639  -0.41536502  0.01577935 -0.39888323  0.01648179],1.0,1.0
[-0.38181514  0.01706809 -0.36427865  0.01753649 -0.34639208  0.01788657],1.0,1.0
[-0.32827284  0.01811924 -0.31003613  0.01823671 -0.29179379  0.01824234],1.0,1.0
[-0.27365321  0.01814058 -0.25571643  0.01793678 -0.23807938  0.01763705],1.0,1.0
[-0.22083131  0.01724807 -0.2040544   0.01677692 -0.1878235   0.0162309 ],1.0,1.0
[-0.17220612  0.01561738 -0.15726247  0.01494365 -0.14304572  0.01421675],0.74260545,1.0
[-0.12998837  0.01305735 -0.11812942  0.01185895 -0.1075012   0.01062821],0.4563839,1.0
[-0.09855953  0.00894168 -0.09132479  0.00723474 -0.08581223  0.00551256],0.4910431,1.0
[-0.08198072  0.00383151 -0.07983742  0.0021433  -0.07938619  0.00045123],1.0,1.0
[-0.07986439 -0.0004782  -0.08127118 -0.00140679 -0.08360403 -0.00233285],1.0,0.99999976
[-0.08685866 -0.00325463 -0.0910289  -0.00417023 -0.09610649 -0.00507759],0.9242088,0.99999976
[-0.10219457 -0.00608809 -0.10927977 -0.0070852  -0.1173455  -0.00806573],0.7661067,0.99999976
[-0.12660876 -0.00926326 -0.13704468 -0.01043592 -0.14862311 -0.01157843],0.6787966,0.9999995
[-0.16143893 -0.01281582 -0.17544904 -0.01401011 -0.19060258 -0.01515354],0.50611037,0.9999995
[-0.20709926 -0.01649668 -0.22486959 -0.01777033 -0.24383313 -0.01896354],0.9168655,0.9999995
[-0.2632818  -0.01944867 -0.28311507 -0.01983326 -0.30322422 -0.02010915],0.92083484,0.99999976
[-0.32348713 -0.02026291 -0.34378109 -0.02029396 -0.36397796 -0.02019687],0.9336606,1.0
[-0.38392626 -0.0199483  -0.40349123 -0.01956497 -0.42253716 -0.01904592],0.74695116,1.0
[-0.44120905 -0.0186719  -0.45937218 -0.01816312 -0.47689359 -0.01752142],0.59325236,1.0
[-0.49387428 -0.01698068 -0.51018772 -0.01631344 -0.52571184 -0.01552412],1.0,1.0
[-0.53972012 -0.01400827 -0.55210753 -0.01238741 -0.56278138 -0.01067386],1.0,1.0
[-0.57166205 -0.00888066 -0.57868348 -0.00702144 -0.58379366 -0.00511018],0.97200125,1.0
[-0.58699682 -0.00320316 -0.58826936 -0.00127254 -0.58760191  0.00066746],1.0,1.0
[-0.58495737  0.00264454 -0.58035524  0.00460213 -0.57382949  0.00652575],0.84880626,1.0
[-0.56565523  0.00817427 -0.55589317  0.00976206 -0.54461607  0.0112771 ],1.0,1.0
[-0.53168144  0.01293463 -0.5171862   0.01449524 -0.50123905  0.01594715],0.78225964,1.0
[-0.48428609  0.01695297 -0.46645389  0.01783219 -0.4478748   0.01857909],0.59768057,1.0
[-0.42896224  0.01891256 -0.40985345  0.0191088  -0.39068476  0.01916869],0.7213258,1.0
[-0.37140473  0.01928003 -0.35214491  0.01925981 -0.33303306  0.01911185],0.5560282,1.0
[-0.31443982  0.01859324 -0.29648029  0.01795953 -0.27926134  0.01721895],0.72467166,1.0
[-0.26262816  0.01663318 -0.24667133  0.01595682 -0.23147365  0.01519768],0.46490216,1.0
[-0.21749968  0.01397397 -0.20481477  0.01268491 -0.19347525  0.01133952],0.6963183,1.0
[-0.18318182  0.01029343 -0.17397582  0.009206   -0.16589249  0.00808333],0.76198477,1.0
[-0.15886292  0.00702957 -0.15291178  0.00595114 -0.1480592   0.00485258],0.8564101,1.0
[-0.14417941  0.00387978 -0.14128478  0.00289464 -0.1393843   0.00190048],0.7930849,1.0
[-0.1385788   0.0008055  -0.13887071 -0.00029192 -0.14025917 -0.00138845],0.861096,1.0
[-0.1426379  -0.00237874 -0.14599958 -0.00336168 -0.15033362 -0.00433404],0.7656414,1.0
[-0.15576923 -0.00543561 -0.16228833 -0.0065191  -0.16986848 -0.00758015],0.8966398,1.0
[-0.17828602 -0.00841754 -0.18750945 -0.00922343 -0.19750269 -0.00999324],0.8829296,0.99999976
[-0.20824539 -0.0107427  -0.21969149 -0.0114461  -0.2317896  -0.01209811],0.86031747,0.99999976
[-0.24451678 -0.01272717 -0.25781048 -0.0132937  -0.2716025  -0.01379202],0.972041,1.0
[-0.28565148 -0.01404898 -0.29987926 -0.01422778 -0.31420371 -0.01432445],0.9917219,1.0
[-0.32850976 -0.01430606 -0.3427093  -0.01419953 -0.3567123  -0.01400301],1.0,1.0
[-0.37041532 -0.01370302 -0.3837272  -0.01331188 -0.3965576  -0.0128304 ],1.0,1.0
[-0.40881791 -0.01226031 -0.42042216 -0.01160425 -0.43128794 -0.01086578],1.0,1.0
[-0.44133724 -0.0100493  -0.45049725 -0.00916002 -0.45870115 -0.00820389],0.97232425,1.0
[-0.46593022 -0.00722907 -0.47213116 -0.00620094 -0.47725809 -0.00512693],0.4919551,1.0
[-0.48199353 -0.00473544 -0.48630226 -0.00430873 -0.4901522  -0.00384994],0.73246217,1.0
[-0.49315388 -0.00300168 -0.49528488 -0.002131   -0.49652929 -0.00124441],0.49352485,1.0
"[-4.97236205e-01 -7.06918763e-04 -4.97400350e-01 -1.64144715e-04
 -4.97020493e-01  3.79856593e-04]",0.69312453,1.0
[-0.49580008  0.00122042 -0.49374822  0.00205186 -0.49088026  0.00286796],0.83616173,1.0
[-0.48700305  0.00387721 -0.48214551  0.00485754 -0.47634383  0.00580168],1.0,1.0
[-0.46939538  0.00694845 -0.46135166  0.00804372 -0.45227209  0.00907957],1.0,1.0
[-0.4422234   0.0100487  -0.43127897  0.01094442 -0.41951813  0.01176084],0.9430119,1.0
[-0.40711075  0.01240738 -0.39414484  0.01296591 -0.38071109  0.01343375],1.0,1.0
[-0.36681648  0.01389461 -0.35255486  0.01426162 -0.33802051  0.01453435],1.0,1.0
[-0.3233072   0.01471331 -0.30850731  0.0147999  -0.29371095  0.01479635],0.88013023,1.0
[-0.2791851   0.01452585 -0.26501225  0.01417285 -0.25126986  0.0137424 ],1.0,1.0
[-0.23785018  0.01341968 -0.22482061  0.01302957 -0.21224364  0.01257696],1.0,1.0
[-0.20017679  0.01206685 -0.18867252  0.01150426 -0.17777837  0.01089416],1.0,1.0
[-0.167537    0.01024137 -0.15798646  0.00955055 -0.14916033  0.00882613],1.0,1.0
[-0.14108806  0.00807228 -0.13379516  0.00729289 -0.12730357  0.00649159],1.0,1.0
[-0.12163187  0.00567171 -0.11679556  0.0048363  -0.11280736  0.0039882 ],1.0,1.0
[-0.10967735  0.00313    -0.10741324  0.00226412 -0.10602045  0.00139279],1.0,1.0
[-0.10550226  0.00051819 -0.1058599  -0.00035764 -0.10709252 -0.00123262],1.0,1.0
[-0.10919722 -0.0021047  -0.11216897 -0.00297175 -0.11600051 -0.00383154],1.0,1.0
[-0.12068219 -0.00468168 -0.1262018  -0.00551961 -0.13254436 -0.00634256],0.93423325,0.99999976
[-0.13979053 -0.00724617 -0.14791871 -0.00812818 -0.1569034  -0.00898469],0.72631186,0.99999976
[-0.16702674 -0.01012334 -0.17825327 -0.01122653 -0.19054131 -0.01228804],0.6213235,0.99999976
[-0.20399993 -0.01345862 -0.21857281 -0.01457288 -0.23419524 -0.01562242],0.44000414,0.99999976
[-0.25106559 -0.01687035 -0.2690997  -0.01803411 -0.28820243 -0.01910273],0.71481794,0.99999976
[-0.30785529 -0.01965285 -0.32794336 -0.02008808 -0.3483438  -0.02040044],0.77971274,0.99999976
[-0.36882937 -0.02048556 -0.38926487 -0.0204355  -0.40951125 -0.02024639],0.45267385,1.0
[-0.42991768 -0.02040642 -0.45033849 -0.02042081 -0.47062533 -0.02028684],0.31471425,1.0
[-0.49083572 -0.0202104  -0.51081938 -0.01998365 -0.53042678 -0.0196074 ],0.6817385,1.0
[-0.54896037 -0.01853359 -0.56628132 -0.01732095 -0.58226042 -0.0159791 ],0.75260806,1.0
[-0.59667292 -0.01441249 -0.60941282 -0.0127399  -0.62038729 -0.01097447],0.6365042,1.0
[-0.62969125 -0.00930396 -0.63725813 -0.00756688 -0.64303423 -0.0057761 ],0.4641798,1.0
[-0.64723733 -0.00420311 -0.649838   -0.00260066 -0.65081807 -0.00098007],0.70371914,1.0
[-0.64981141  0.00100666 -0.64682504  0.00298637 -0.6418798   0.00494524],0.50655645,1.0
[-0.63530612  0.00657368 -0.62715039  0.00815573 -0.61747062  0.00967977],0.7853936,1.0
[-0.60591799  0.01155263 -0.59257613  0.01334186 -0.57754253  0.01503359],0.82202256,1.0
[-0.56087309  0.01666944 -0.54269164  0.01818145 -0.52313403  0.0195576 ],0.9889714,1.0
[-0.50209646  0.02103758 -0.47973658  0.02235988 -0.45622127  0.02351532],0.958601,1.0
[-0.43176994  0.02445132 -0.40656076  0.02520918 -0.38077354  0.02578723],0.85267305,1.0
[-0.35474601  0.02602752 -0.32865241  0.02609361 -0.30265995  0.02599245],0.74364096,1.0
[-0.27709039  0.02556957 -0.2520902   0.02500018 -0.22779306  0.02429714],1.0,1.0
[-0.20393452  0.02385854 -0.18062252  0.023312   -0.15795239  0.02267013],1.0,1.0
[-0.13600679  0.0219456  -0.11485596  0.02115083 -0.09455819  0.02029777],1.0,1.0
[-0.0751605   0.01939769 -0.05669952  0.01846097 -0.03920247  0.01749705],1.0,1.0
[-0.02268815  0.01651432 -0.00716804  0.01552011  0.00735265  0.01452069],0.73674655,1.0
[0.02047907 0.01312642 0.03221533 0.01173625 0.04256837 0.01035304],0.825847,1.0
[0.05168054 0.00911217 0.05956146 0.00788093 0.06622096 0.0066595 ],0.71400774,0.99999976
[0.07150065 0.00527968 0.07540864 0.00390799 0.07795134 0.0025427 ],0.6925557,0.9999995
[ 0.07910092  0.00114958  0.0788594  -0.00024152  0.07722635 -0.00163305],0.91326225,0.99999833
[ 0.07452999 -0.00269636  0.07076575 -0.00376424  0.06592753 -0.00483822],1.0,0.99999666
[ 0.06013805 -0.00578948  0.05338914 -0.00674891  0.04567223 -0.00771691],1.0,0.99999475
[ 0.03697876 -0.00869348  0.02730065 -0.00967811  0.01663092 -0.01066973],1.0,0.9999931
[ 0.0049643  -0.01166662 -0.00770204 -0.01266634 -0.02136771 -0.01366567],1.0,0.99999213
[-0.03602825 -0.01466054 -0.0516742  -0.01564595 -0.06829017 -0.01661597],1.0,0.9999924
[-0.08585386 -0.01756369 -0.10433508 -0.01848122 -0.12369484 -0.01935975],0.9440923,0.99999404
[-0.14396829 -0.02027345 -0.16509603 -0.02112774 -0.18700721 -0.02191118],0.76358604,0.9999964
[-0.20988979 -0.02288258 -0.23364755 -0.02375776 -0.25817051 -0.02452297],0.79767627,0.9999981
[-0.28328387 -0.02511336 -0.30885095 -0.02556708 -0.334723   -0.02587205],0.8826147,0.9999993
[-0.3606131  -0.0258901  -0.38635355 -0.02574044 -0.41177057 -0.02541702],1.0,0.99999976
[-0.43651066 -0.02474009 -0.4603965  -0.02388584 -0.48325353 -0.02285703],1.0,1.0
[-0.50491241 -0.02165888 -0.52521136 -0.02029895 -0.54399822 -0.01878686],0.96954817,1.0
[-0.56117785 -0.01717964 -0.57662192 -0.01544407 -0.59021567 -0.01359375],1.0,1.0
[-0.6018131  -0.01159744 -0.6113293  -0.0095162  -0.61869509 -0.00736579],1.0,1.0
[-0.6238573  -0.0051622  -0.62677885 -0.00292155 -0.62743884 -0.00066   ],1.0,1.0
[-0.62583258  0.00160627 -0.62197152  0.00386106 -0.61588334  0.00608819],1.0,1.0
[-0.60761182  0.00827151 -0.59721686  0.01039496 -0.58477424  0.01244262],1.0,1.0
[-0.57037537  0.01439886 -0.55412684  0.01624854 -0.53614966  0.01797718],1.0,1.0
[-0.51657837  0.01957129 -0.49555973  0.02101864 -0.47325113  0.02230859],0.90331733,1.0
[-0.44996374  0.0232874  -0.42586914  0.02409459 -0.40114209  0.02472705],0.9338112,1.0
[-0.37591223  0.02522986 -0.35035342  0.02555881 -0.32463551  0.0257179 ],1.0,1.0
[-0.29882279  0.02581272 -0.273071    0.02575179 -0.2475262   0.0255448 ],1.0,1.0
[-0.22232322  0.02520298 -0.19758449  0.02473873 -0.17341927  0.02416522],0.503167,1.0
[-0.15066853  0.02275074 -0.12941197  0.02125656 -0.10971461  0.01969736],0.42422712,1.0
[-0.0917467   0.01796791 -0.07554835  0.01619835 -0.06114973  0.01439862],0.44319633,1.0
[-0.04854437  0.01260537 -0.03774774  0.01079662 -0.02877031  0.00897743],0.87505203,1.0
[-0.02097099  0.00779932 -0.01435415  0.00661684 -0.00892242  0.00543174],0.82833225,1.0
[-0.00474729  0.00417513 -0.0018294   0.00291788 -0.00016898  0.00166042],0.832205,0.99999976
[ 0.00023974  0.00040873 -0.00060322 -0.00084297 -0.00269788 -0.00209465],0.50978315,0.9999995
[-0.00652778 -0.0038299  -0.01209252 -0.00556474 -0.01939094 -0.00729842],0.66297513,0.99999905
[-0.02819068 -0.00879973 -0.03848701 -0.01029633 -0.05027224 -0.01178523],0.7519719,0.99999785
[-0.06340113 -0.01312889 -0.07785698 -0.01445585 -0.09361698 -0.01576   ],0.7103561,0.99999666
[-0.1107135  -0.01709652 -0.12910785 -0.01839435 -0.14875148 -0.01964363],0.76149815,0.9999964
[-0.16950803 -0.02075655 -0.191306   -0.02179797 -0.21406117 -0.02275517],0.94921887,0.9999974
[-0.23739448 -0.02333332 -0.26119632 -0.02380183 -0.28534528 -0.02414896],0.6056531,0.9999988
[-0.31022436 -0.02487908 -0.33568819 -0.02546383 -0.3615794  -0.02589121],0.6413612,0.9999995
[-0.38767643 -0.02609703 -0.41380282 -0.02612639 -0.43977583 -0.02597301],0.87029207,1.0
[-0.46506547 -0.02528964 -0.48948642 -0.02442095 -0.51285732 -0.02337091],1.0,1.0
[-0.53480878 -0.02195145 -0.55517617 -0.02036739 -0.57380709 -0.01863092],1.0,1.0
[-0.59056286 -0.01675578 -0.60531978 -0.01475692 -0.61796991 -0.01265013],0.7386613,1.0
[-0.62881368 -0.01084377 -0.63777339 -0.00895971 -0.64478544 -0.00701205],0.7453835,1.0
[-0.64979041 -0.00500497 -0.65275331 -0.0029629  -0.65365353 -0.00090022],0.6923477,1.0
[-0.65256438  0.00108915 -0.64949342  0.00307096 -0.64446202  0.00503141],0.8767687,1.0
[-0.63722871  0.0072333  -0.62784445  0.00938427 -0.61637586  0.01146858],0.82044137,1.0
[-0.60298974  0.01338612 -0.58778314  0.0152066  -0.57086746  0.01691568],0.89151955,1.0
[-0.55226117  0.01860629 -0.5321029   0.02015827 -0.51054358  0.02155932],1.0,1.0
[-0.48758215  0.02296143 -0.46339031  0.02419183 -0.43814759  0.02524272],1.0,1.0
[-0.41203876  0.02610883 -0.38525109  0.02678767 -0.3579715   0.02727959],0.958363,1.0
[-0.33044608  0.02752542 -0.30285204  0.02759404 -0.27535766  0.02749437],1.0,1.0
[-0.24805771  0.02729995 -0.22109689  0.02696083 -0.19460598  0.0264909 ],0.9406591,1.0
[-0.16879     0.02581598 -0.14374931  0.02504069 -0.11956874  0.02418057],1.0,1.0
[-0.09622905  0.02333969 -0.0737859   0.02244314 -0.05228176  0.02150414],1.0,1.0
[-0.03174693  0.02053483 -0.01220077  0.01954616  0.00634707  0.01854784],1.0,1.0
[0.02389536 0.01754829 0.04045007 0.01655471 0.05602316 0.01557309],1.0,1.0
[0.07063148 0.01460832 0.08429572 0.01366423 0.09703947 0.01274375],0.9322176,1.0
[0.10878673 0.01174727 0.11956429 0.01077755 0.12939928 0.00983499],1.0,0.99999976
[0.13842029 0.00902101 0.14665377 0.00823348 0.15412533 0.00747156],0.86873436,0.9999995
[0.1606625  0.00653717 0.16628759 0.00562509 0.17102046 0.00473287],0.84277946,0.99999857
[0.17483938 0.00381892 0.17775856 0.00291918 0.17978905 0.00203048],0.84431994,0.99999666
[ 0.18094092  0.00115188  0.18121865  0.00027772  0.18062329 -0.00059535],0.99199164,0.9999931
[ 0.17937406 -0.00124923  0.17746614 -0.00190793  0.17489222 -0.00257392],1.0,0.99998856
[ 0.17165458 -0.00323763  0.16774117 -0.00391341  0.16313768 -0.00460349],1.0,0.9999838
[ 0.15782767 -0.00531001  0.15179269 -0.00603498  0.14501248 -0.00678021],1.0,0.9999783
[ 0.13746513 -0.00754735  0.12912737 -0.00833776  0.11997486 -0.00915251],1.0,0.9999733
[ 0.10998254 -0.00999232  0.09912507 -0.01085747  0.08737733 -0.01174774],1.0,0.9999695
[ 0.07471499 -0.01266234  0.06111519 -0.0135998   0.04655729 -0.0145579 ],0.69077605,0.9999685
[ 0.0305599  -0.01599739  0.01310917 -0.01745073 -0.00580346 -0.01891263],0.7794867,0.999964
[-0.02604648 -0.02024302 -0.04761264 -0.02156616 -0.07048411 -0.02287147],0.8583337,0.99996567
[-0.0945124  -0.02402829 -0.11965337 -0.02514097 -0.14584749 -0.02619412],0.81110394,0.9999776
[-0.17308945 -0.02724196 -0.20128521 -0.02819576 -0.23032219 -0.02903698],0.9604165,0.99999
[-0.25984512 -0.02952293 -0.28970553 -0.02986041 -0.31973907 -0.03003354],0.9560009,0.9999974
[-0.34977401 -0.03003494 -0.37962035 -0.02984634 -0.40907926 -0.02945891],0.9782258,0.9999995
[-0.43791293 -0.02883367 -0.46591485 -0.02800192 -0.4928799  -0.02696505],1.0,1.0
[-0.51857502 -0.02569512 -0.54280782 -0.0242328  -0.56539663 -0.02258881],1.0,1.0
[-0.58617277 -0.02077615 -0.60498236 -0.01880959 -0.62168762 -0.01670526],1.0,1.0
[-0.63616779 -0.01448017 -0.64831964 -0.01215185 -0.65805777 -0.00973812],0.96814024,1.0
[-0.66536236 -0.0073046  -0.67018328 -0.00482092 -0.6724877  -0.00230442],0.8694221,1.0
"[-6.72408084e-01  7.96182722e-05 -6.69944966e-01  2.46311714e-03
 -6.65115043e-01  4.82992380e-03]",0.77498275,1.0
[-0.65809287  0.00702217 -0.64892667  0.0091662  -0.63768002  0.01124665],0.56700474,1.0
[-0.62474386  0.01293616 -0.61021019  0.01453367 -0.59418372  0.01602647],0.9448952,1.0
[-0.57621446  0.01796926 -0.55643488  0.01977958 -0.53499208  0.0214428 ],1.0,1.0
[-0.51196385  0.02302823 -0.48752287  0.02444099 -0.46185192  0.02567094],0.86960334,1.0
[-0.43533703  0.02651489 -0.40817199  0.02716504 -0.38055105  0.02762094],0.80452716,1.0
[-0.35276354  0.0277875  -0.32499515  0.02776839 -0.29742292  0.02757223],0.77574635,1.0
[-0.27025619  0.02716673 -0.2436482   0.026608   -0.21773794  0.02591026],0.6052736,1.0
[-0.19290511  0.02483283 -0.16925729  0.02364782 -0.14688613  0.02237116],0.91881174,1.0
[-0.12539793  0.0214882  -0.10485669  0.02054124 -0.08531455  0.01954214],0.9571522,1.0
[-0.06675525  0.0185593  -0.04921025  0.017545   -0.03270233  0.01650792],0.98604524,1.0
[-0.01720332  0.01549901 -0.00272192  0.01448141  0.01073864  0.01346056],1.0,1.0
[0.02320049 0.01246185 0.0346684  0.01146791 0.04514981 0.01048142],0.95564485,1.0
[0.0545876  0.00943778 0.06299229 0.0084047  0.07037496 0.00738267],1.0,1.0
[0.07681315 0.00643818 0.08231741 0.00550427 0.08689752 0.00458011],1.0,0.99999976
[0.09056211 0.00366458 0.09331839 0.00275628 0.095172   0.00185361],0.9785206,0.9999993
"[ 9.60946065e-02  9.22603355e-04  9.60881577e-02 -6.44881058e-06
  9.51526430e-02 -9.35514727e-04]",0.8900757,0.99999833
[ 0.09315341 -0.00199923  0.09008628 -0.00306713  0.08594501 -0.00414127],1.0,0.99999666
[ 0.08088637 -0.00505863  0.07490099 -0.00598539  0.06797845 -0.00692254],0.9425196,0.99999475
[ 0.06002149 -0.00795695  0.05101874 -0.00900275  0.04095899 -0.01005975],1.0,0.9999926
[ 0.02991809 -0.0110409   0.01788725 -0.01203084  0.00486002 -0.01302724],0.870909,0.9999912
[-0.00936059 -0.01422061 -0.02477385 -0.01541326 -0.04137385 -0.01659999],1.0,0.9999902
[-0.05895461 -0.01758076 -0.07749637 -0.01854176 -0.09697087 -0.0194745 ],0.9016151,0.99999166
[-0.11748791 -0.02051704 -0.13899883 -0.02151093 -0.16144311 -0.02244428],1.0,0.9999943
[-0.18459986 -0.02315675 -0.20838293 -0.02378308 -0.2326932  -0.02431027],1.0,0.99999714
[-0.25741866 -0.02472546 -0.28243497 -0.02501631 -0.30760629 -0.02517132],0.6425327,0.99999905
[-0.33332275 -0.02571646 -0.35942623 -0.02610348 -0.38574803 -0.0263218 ],0.5883268,0.99999976
[-0.412192   -0.02644397 -0.43857356 -0.02638156 -0.46470343 -0.02612987],0.6640515,1.0
[-0.49027664 -0.02557321 -0.51510327 -0.02482663 -0.53899754 -0.02389427],0.94143784,1.0
[-0.5613642  -0.02236666 -0.58203607 -0.02067187 -0.60085974 -0.01882367],0.71383464,1.0
[-0.61803838 -0.01717864 -0.63344741 -0.01540903 -0.64697665 -0.01352924],1.0,1.0
[-0.65810154 -0.01112489 -0.66674481 -0.00864327 -0.67284719 -0.00610237],0.7975311,1.0
[-0.67667093 -0.00382374 -0.67819026 -0.00151933 -0.67739497  0.00079528],0.9168216,1.0
[-0.67411148  0.0032835  -0.66836187  0.0057496  -0.66018512  0.00817675],0.8854138,1.0
[-0.64968428  0.01050084 -0.63693206  0.01275222 -0.62201801  0.01491405],1.0,1.0
[-0.60487649  0.01714152 -0.58563141  0.01924508 -0.56442377  0.02120764],1.0,1.0
[-0.5414107   0.02301307 -0.51676411  0.02464659 -0.49066877  0.02609534],1.0,1.0
[-0.46332001  0.02734876 -0.43492088  0.02839913 -0.40567902  0.02924186],0.8856682,1.0
[-0.37597472  0.0297043  -0.34601325  0.02996146 -0.31599307  0.03002019],1.0,1.0
[-0.28593119  0.03006188 -0.25600458  0.02992661 -0.22637621  0.02962838],0.86273813,1.0
[-0.19739903  0.02897718 -0.16920203  0.028197   -0.1418957   0.02730633],0.6028924,1.0
[-0.11596192  0.02593378 -0.09147404  0.02448788 -0.06848828  0.02298576],0.82628936,1.0
[-0.0467105   0.02177778 -0.02616878  0.02054172 -0.00687992  0.01928886],1.0,1.0
[0.01140947 0.01828939 0.02870032 0.01729085 0.04500043 0.01630011],1.0,1.0
[0.06032329 0.01532286 0.07468698 0.01436369 0.08811316 0.01342618],1.0,1.0
[0.10062617 0.01251301 0.11225224 0.01162607 0.12301872 0.01076649],1.0,1.0
[0.13295354 0.00993482 0.1420846  0.00913106 0.15043935 0.00835475],1.0,0.99999976
[0.15804442 0.00760507 0.16492527 0.00688085 0.17110594 0.00618066],1.0,0.9999993
[0.1766088  0.00550286 0.18145442 0.00484562 0.1856614  0.00420698],1.0,0.99999833
[0.18924625 0.00358485 0.1922233  0.00297705 0.19460465 0.00238134],0.76561314,0.9999969
[ 0.19604849  0.00144385  0.19656083  0.00051234  0.1961438  -0.00041703],0.99758965,0.99999356
[ 0.19514362 -0.00100018  0.19355614 -0.00158748  0.1913748  -0.00218134],0.84786737,0.9999895
[ 0.18836609 -0.00300871  0.18451785 -0.00384825  0.17981475 -0.0047031 ],0.7742151,0.99998355
[ 0.17412798 -0.00568676  0.16743596 -0.00669202  0.15971408 -0.00772188],0.7572999,0.99997354
[ 0.15090967 -0.00880441  0.14099307 -0.0099166   0.12993275 -0.01106033],0.85933936,0.9999602
[ 0.11784897 -0.01208378  0.10470882 -0.01314015  0.09048001 -0.01422881],0.7461422,0.9999497
[ 0.07496195 -0.01551806  0.05812606 -0.01683589  0.03994729 -0.01817877],0.779146,0.9999409
[ 0.02045518 -0.01949212 -0.00036351 -0.02081869 -0.02251348 -0.02214997],1.0,0.9999411
[-0.04565775 -0.02314427 -0.06977861 -0.02412086 -0.09484489 -0.02506628],0.7725388,0.9999604
[-0.12115184 -0.02630695 -0.14863667 -0.02748483 -0.17721823 -0.02858157],0.9607797,0.9999778
[-0.20651355 -0.02929532 -0.23640307 -0.02988951 -0.2667486  -0.03034554],0.90785587,0.9999924
[-0.29747368 -0.03072508 -0.3284058  -0.03093212 -0.35935784 -0.03095204],1.0,0.99999833
[-0.38999244 -0.0306346  -0.42010248 -0.03011004 -0.44947632 -0.02937385],1.0,0.99999976
[-0.47790152 -0.02842519 -0.50516837 -0.02726685 -0.53107338 -0.02590501],1.0,1.0
[-0.55542233 -0.02434895 -0.57803297 -0.02261064 -0.59873717 -0.0207042 ],1.0,1.0
[-0.61738259 -0.01864542 -0.63383387 -0.01645128 -0.64797338 -0.01413951],0.8426006,1.0
[-0.65993767 -0.01196429 -0.66964379 -0.00970612 -0.67702538 -0.00738159],1.0,1.0
"[-6.81796479e-01 -4.77109545e-03 -6.83925133e-01 -2.12865403e-03
 -6.83397169e-01  5.27964435e-04]",0.878948,1.0
[-0.68039768  0.00299949 -0.67494666  0.00545101 -0.66708072  0.00786594],0.8964203,1.0
[-0.65682695  0.01025376 -0.64425574  0.01257121 -0.6294546   0.01480114],1.0,1.0
[-0.61237282  0.01708178 -0.59313307  0.01923974 -0.57187559  0.02125748],1.0,1.0
[-0.5487573   0.02311829 -0.52395051  0.0248068  -0.49764107  0.02630944],0.78149754,1.0
[-0.47035387  0.0272872  -0.44229207  0.0280618  -0.41366179  0.02863028],0.9889268,1.0
[-0.38435778  0.02930401 -0.35458459  0.0297732  -0.32454198  0.0300426 ],0.66951686,1.0
[-0.29490087  0.02964112 -0.26583928  0.02906159 -0.23751962  0.02831965],0.9703988,1.0
[-0.2096361   0.02788352 -0.18231865  0.02731745 -0.15568089  0.02663777],0.910838,1.0
[-0.12990912  0.02577176 -0.10508364  0.02482549 -0.08126869  0.02381495],1.0,1.0
[-0.0583798   0.02288888 -0.03645268  0.02192713 -0.01551061  0.02094206],1.0,1.0
[0.00443415 0.01994477 0.02337914 0.01894499 0.04133028 0.01795114],1.0,1.0
[0.05830061 0.01697033 0.07430907 0.01600847 0.08937941 0.01507033],0.91835546,1.0
[0.10341661 0.0140372  0.1164507  0.01303409 0.12851334 0.01206264],1.0,1.0
[0.13975949 0.01124615 0.15022218 0.01046269 0.15993448 0.0097123 ],0.91915524,0.99999976
[0.1688078  0.00887332 0.17687363 0.00806584 0.18416197 0.00728834],0.9724487,0.9999993
[0.19078093 0.00661896 0.19675697 0.00597604 0.20211471 0.00535774],0.9816367,0.99999833
[0.20689057 0.00477585 0.21110515 0.00421459 0.21477702 0.00367187],1.0,0.9999969
[0.21795014 0.00317311 0.22063888 0.00268875 0.22285559 0.00221671],1.0,0.9999945
[0.22461052 0.00175493 0.22591186 0.00130134 0.22676571 0.00085385],1.0,0.99999166
"[ 2.27176097e-01  4.10386971e-04  2.27144957e-01 -3.11401098e-05
  2.26672143e-01 -4.72814314e-04]",0.57252675,0.99998784
[ 0.22511421 -0.00155793  0.22246384 -0.00265037  0.21870866 -0.00375518],0.34483024,0.9999771
[ 0.21348982 -0.00521884  0.20678369 -0.00670613  0.19856062 -0.00822307],0.72976065,0.9999473
[ 0.18936278 -0.00919785  0.17915225 -0.01021053  0.16788882 -0.01126342],0.5962597,0.9999156
[ 0.15533024 -0.01255858  0.1414326  -0.01389763  0.12615104 -0.01528157],0.7366131,0.99987936
[ 0.1096513  -0.01649974  0.09189053 -0.01776077  0.07282907 -0.01906146],0.8498326,0.99985695
[ 0.05260179 -0.02022728  0.03118033 -0.02142146  0.00854455 -0.02263578],1.0,0.9998734
[-0.01509042 -0.02363496 -0.03972282 -0.0246324  -0.06533749 -0.02561467],0.8691426,0.99992037
[-0.09210057 -0.02676309 -0.11996512 -0.02786455 -0.14886579 -0.02890067],1.0,0.9999583
[-0.17852127 -0.02965547 -0.20882669 -0.03030543 -0.23965736 -0.03083067],1.0,0.99998593
