State,Action,Action wo Noise
[-0.58867816  0.         -0.58867816  0.         -0.58867816  0.        ],1.0,1.0
[-0.58669316  0.001985   -0.58273777  0.00395539 -0.57684116  0.00589661],1.0,1.0
[-0.56904694  0.00779423 -0.5594129   0.00963404 -0.54801078  0.01140212],1.0,1.0
[-0.53492572  0.01308505 -0.52025574  0.01466999 -0.50411082  0.01614491],1.0,1.0
[-0.48661199  0.01749884 -0.46788998  0.01872201 -0.44808385  0.01980613],1.0,1.0
[-0.42733925  0.0207446  -0.4058066   0.02153265 -0.38363912  0.02216748],1.0,1.0
[-0.36099076  0.02264835 -0.33801417  0.02297659 -0.31485866  0.02315551],1.0,1.0
[-0.29166837  0.02319029 -0.26858056  0.02308781 -0.24572419  0.02285637],1.0,1.0
[-0.22321875  0.02250544 -0.2011734   0.02204535 -0.1796864   0.02148699],1.0,1.0
[-0.15884489  0.02084151 -0.13872485  0.02012004 -0.11939141  0.01933343],1.0,1.0
[-0.10089932  0.01849209 -0.08329357  0.01760575 -0.06661018  0.01668339],1.0,1.0
[-0.05087703  0.01573314 -0.03611483  0.01476221 -0.02233796  0.01377687],1.0,1.0
[-0.00955548  0.01278248  0.00222802  0.01178351  0.01301159  0.01078356],0.98808014,1.0
[0.02277917 0.00976759 0.03153471 0.00875554 0.03928355 0.00774884],0.91723025,1.0
[0.04592558 0.00664203 0.05146714 0.00554156 0.05591429 0.00444715],0.9172626,1.0
[0.05927242 0.00335813 0.06154587 0.00227345 0.0627377  0.00119183],1.0,1.0
[ 0.06297369  0.00023598  0.06225415 -0.00071954  0.06057809 -0.00167606],1.0,1.0
[ 0.0579432  -0.00263489  0.05434598 -0.00359722  0.04978192 -0.00456406],1.0,0.99999976
[ 0.04424568 -0.00553623  0.03773144 -0.00651424  0.0302332  -0.00749824],1.0,0.99999976
[ 0.02174523 -0.00848797  0.01226258 -0.00948265  0.00178162 -0.01048096],1.0,0.9999995
[-0.0096993  -0.01148092 -0.02217917 -0.01247986 -0.0356535  -0.01347433],1.0,0.9999995
[-0.05011354 -0.01446005 -0.06554539 -0.01543185 -0.08192906 -0.01638367],1.0,0.99999976
[-0.09923759 -0.01730853 -0.11743615 -0.01819856 -0.13648116 -0.01904501],1.0,0.99999976
[-0.15631952 -0.01983836 -0.17688798 -0.02056846 -0.19811262 -0.02122464],1.0,0.99999976
[-0.21990856 -0.02179594 -0.24217989 -0.02227134 -0.26481993 -0.02264003],1.0,1.0
[-0.28771163 -0.02289171 -0.31072849 -0.02301685 -0.33373554 -0.02300706],0.8194704,1.0
[-0.35686161 -0.02312607 -0.3799575  -0.02309589 -0.40286846 -0.02291096],0.80377793,1.0
[-0.42545956 -0.0225911  -0.44757045 -0.02211089 -0.46904096 -0.02147051],0.7640467,1.0
[-0.48977275 -0.02073179 -0.50961174 -0.01983898 -0.52840952 -0.01879779],0.8426825,1.0
[-0.54590721 -0.01749768 -0.56197368 -0.01606647 -0.57648895 -0.01451527],0.7766748,1.0
[-0.58944419 -0.01295525 -0.60074379 -0.0112996  -0.61030494 -0.00956115],1.0,1.0
[-0.6177231  -0.00741816 -0.62294468 -0.00522157 -0.62593214 -0.00298746],0.9619791,1.0
[-0.62672113 -0.00078899 -0.62530601  0.00141512 -0.6216969   0.00360911],0.9955604,1.0
[-0.61586929  0.00582761 -0.60786511  0.00800418 -0.59774231  0.0101228 ],0.950882,1.0
[-0.58564168  0.01210063 -0.57165209  0.01398959 -0.55587702  0.01577507],0.9742576,1.0
[-0.53839885  0.01747816 -0.51934834  0.01905051 -0.49886832  0.02048002],1.0,1.0
[-0.4770736   0.02179471 -0.45412669  0.02294691 -0.43019706  0.02392963],0.94058365,1.0
[-0.40554794  0.02464912 -0.38035493  0.02519301 -0.35479261  0.02556232],0.7101743,1.0
[-0.32937765  0.02541496 -0.30427305  0.0251046  -0.27963198  0.02464106],0.8915703,1.0
[-0.25532427  0.02430771 -0.23148098  0.02384329 -0.20822136  0.02325962],1.0,1.0
[-0.18548963  0.02273172 -0.16338072  0.02210891 -0.14197748  0.02140325],1.0,1.0
[-0.12135087  0.02062661 -0.10156041  0.01979046 -0.08265481  0.0189056 ],1.0,1.0
[-0.06467274  0.01798207 -0.04764377  0.01702897 -0.03158931  0.01605447],0.98746425,1.0
[-0.01654243  0.01504688 -0.00251127  0.01403115  0.01050115  0.01301242],1.0,1.0
[0.02251481 0.01201366 0.03353417 0.01101936 0.04356617 0.010032  ],1.0,1.0
[0.0526195  0.00905332 0.06070391 0.00808441 0.06782966 0.00712575],1.0,1.0
[0.07400699 0.00617733 0.07924569 0.0052387  0.0835547  0.00430901],1.0,1.0
[0.08694184 0.00338714 0.08941354 0.0024717  0.09097465 0.0015611 ],1.0,1.0
[ 0.09162828  0.00065364  0.09137577 -0.00025251  0.09021661 -0.00115916],1.0,0.99999976
[ 0.08814846 -0.00206815  0.08516721 -0.00298125  0.08126712 -0.00390009],1.0,0.99999976
[ 0.07644097 -0.00482616  0.07068026 -0.00576071  0.06397554 -0.00670472],1.0,0.9999995
[ 0.05631673 -0.00765881  0.04769351 -0.00862322  0.03809583 -0.00959767],0.9376824,0.9999995
[ 0.02742099 -0.01067484  0.01566113 -0.01175986  0.00281055 -0.01285058],1.0,0.9999993
[-0.01103994 -0.01385049 -0.02588906 -0.01484912 -0.04173064 -0.01584158],1.0,0.9999993
[-0.05855266 -0.01682202 -0.0763362  -0.01778355 -0.09505448 -0.01871828],1.0,0.9999995
[-0.11467179 -0.01961732 -0.13514263 -0.02047084 -0.1564108  -0.02126817],1.0,0.99999976
[-0.17840876 -0.02199796 -0.2010571  -0.02264834 -0.2242643  -0.02320719],1.0,0.99999976
[-0.2479267  -0.0236624  -0.27192889 -0.02400219 -0.29614432 -0.02421543],1.0,1.0
[-0.32043632 -0.024292   -0.34465944 -0.02422312 -0.36866108 -0.02400163],1.0,1.0
[-0.39228335 -0.02362227 -0.4153652  -0.02308186 -0.43774463 -0.02237942],1.0,1.0
[-0.45926086 -0.02151623 -0.47975663 -0.02049578 -0.49908028 -0.01932364],1.0,1.0
[-0.51708765 -0.01800737 -0.53364384 -0.0165562  -0.54862472 -0.01498087],1.0,1.0
[-0.56191807 -0.01329335 -0.57342466 -0.01150659 -0.58305895 -0.00963429],1.0,1.0
[-0.59074964 -0.0076907  -0.59644011 -0.00569047 -0.6000886  -0.00364849],1.0,1.0
"[-6.01668442e-01 -1.57984026e-03 -6.01168099e-01  5.00343873e-04
 -5.98591221e-01  2.57687723e-03]",1.0,1.0
[-0.59395663  0.00463459 -0.58729827  0.00665836 -0.57866507  0.00863321],1.0,1.0
[-0.56812074  0.01054433 -0.55574349  0.01237725 -0.54162553  0.01411796],1.0,1.0
[-0.52587243  0.0157531  -0.50860228  0.01727015 -0.48994457  0.01865771],1.0,1.0
[-0.47003883  0.01990574 -0.44903307  0.02100576 -0.4270819   0.02195117],0.8967848,1.0
[-0.40449935  0.02258254 -0.38144599  0.02305336 -0.35808158  0.02336442],0.86553735,1.0
[-0.33460985  0.02347173 -0.3111825   0.02342735 -0.28794431  0.02323819],0.8257986,1.0
[-0.26509125  0.02285306 -0.24274971  0.02234154 -0.22103532  0.02171439],0.7088969,1.0
[-0.2002278   0.02080752 -0.18041931  0.01980849 -0.16169013  0.01872918],0.8275056,1.0
[-0.14393129  0.01775884 -0.12720174  0.01672955 -0.1115511   0.01565064],0.9807359,1.0
[-0.09679066  0.01476044 -0.08295446  0.0138362  -0.07007015  0.01288432],0.9262277,1.0
[-0.05824146  0.01182869 -0.04748536  0.0107561  -0.0378146   0.00967076],0.7620676,1.0
[-0.02948466  0.00832993 -0.02250186  0.00698281 -0.01687025  0.0056316 ],0.94491446,1.0
[-0.01231807  0.00455218 -0.00884682  0.00347126 -0.00645731  0.00238951],1.0,1.0
[-0.00506734  0.00138998 -0.00467707  0.00039027 -0.00528656 -0.00060949],0.939012,1.0
[-0.00698721 -0.00170066 -0.0097788  -0.00279159 -0.0136608  -0.003882  ],0.92760605,1.0
[-0.01864929 -0.00498849 -0.02474245 -0.00609317 -0.03193733 -0.00719487],1.0,1.0
[-0.04012073 -0.00818341 -0.04928605 -0.00916532 -0.0594241  -0.01013804],1.0,1.0
[-0.07052252 -0.01109842 -0.0825652  -0.01204268 -0.09553157 -0.01296638],1.0,1.0
[-0.10939598 -0.01386441 -0.12412696 -0.01473098 -0.1396866  -0.01555964],1.0,1.0
[-0.15602992 -0.01634332 -0.17310431 -0.0170744  -0.19084911 -0.0177448 ],1.0,1.0
[-0.20919522 -0.01834611 -0.22806494 -0.01886973 -0.24737199 -0.01930705],1.0,1.0
[-0.26702164 -0.01964965 -0.28691114 -0.0198895  -0.30693035 -0.02001921],1.0,1.0
[-0.32696253 -0.02003218 -0.34688543 -0.0199229  -0.36657246 -0.01968703],1.0,1.0
[-0.38589411 -0.01932165 -0.40471942 -0.01882531 -0.42291754 -0.01819812],1.0,1.0
[-0.44035935 -0.0174418  -0.45691898 -0.01655963 -0.47247538 -0.0155564 ],1.0,1.0
[-0.48691371 -0.01443833 -0.50012661 -0.01321291 -0.51201542 -0.0118888 ],1.0,1.0
[-0.52249108 -0.01047566 -0.53147505 -0.00898397 -0.53889995 -0.0074249 ],1.0,1.0
[-0.54471014 -0.00581018 -0.54886209 -0.00415196 -0.55132476 -0.00246266],0.99450743,1.0
[-0.55208795 -0.0007632  -0.55114598  0.00094197 -0.54850587  0.0026401 ],0.9974674,1.0
[-0.54418294  0.00432294 -0.53820952  0.00597342 -0.53063035  0.00757917],0.98002696,1.0
[-0.52152841  0.00910194 -0.51097196  0.01055645 -0.49904015  0.01193181],0.9283192,1.0
[-0.48589988  0.01314027 -0.47164927  0.01425061 -0.45639422  0.01525504],1.0,1.0
[-0.44013981  0.01625442 -0.42300482  0.01713499 -0.40511288  0.01789194],0.9626744,1.0
[-0.38664698  0.0184659  -0.36773555  0.01891143 -0.34850695  0.0192286 ],0.9935526,1.0
[-0.32904165  0.0194653  -0.30946375  0.0195779  -0.28989333  0.01957042],0.8470346,1.0
[-0.27066503  0.0192283  -0.25188631  0.01877872 -0.23365659  0.01822972],1.0,1.0
[-0.21583741  0.01781918 -0.1985122   0.01732521 -0.18175661  0.01675559],1.0,1.0
[-0.16563848  0.01611812 -0.150218    0.01542048 -0.13554793  0.01467007],1.0,1.0
[-0.12167399  0.01387394 -0.10863534  0.01303865 -0.09646509  0.01217025],0.9887287,1.0
[-0.08520779  0.0112573  -0.07488616  0.01032163 -0.06551862  0.00936755],1.0,1.0
[-0.05710293  0.00841568 -0.04965066  0.00745228 -0.0431707   0.00647996],0.9714904,1.0
[-0.03771256  0.00545813 -0.03328121  0.00443135 -0.02988018  0.00340104],0.8808547,1.0
[-0.02764782  0.00223236 -0.02658559  0.00106223 -0.02669412 -0.00010854],0.67132735,1.0
[-0.02828766 -0.00159353 -0.0313652  -0.00307755 -0.0359247  -0.0045595 ],0.594232,1.0
[-0.04207834 -0.00615364 -0.04982075 -0.0077424  -0.05914393 -0.00932318],0.8460018,1.0
[-0.06965886 -0.01051493 -0.0813504  -0.01169154 -0.09419885 -0.01284845],0.7259941,1.0
[-0.10835915 -0.0141603  -0.12379952 -0.01544037 -0.14048045 -0.01668093],0.7836775,1.0
[-0.15826711 -0.01778667 -0.17710172 -0.01883461 -0.19691618 -0.01981446],0.8650025,1.0
[-0.21750945 -0.02059326 -0.23879159 -0.02128214 -0.2606617  -0.02187011],0.8113164,1.0
[-0.28308863 -0.02242693 -0.30594992 -0.02286129 -0.32911306 -0.02316314],0.903966,1.0
[-0.35229753 -0.02318447 -0.375355   -0.02305747 -0.39813207 -0.02277706],1.0,1.0
[-0.42032807 -0.022196   -0.44178627 -0.0214582  -0.46235192 -0.02056565],1.0,1.0
[-0.48187434 -0.01952242 -0.50020888 -0.01833454 -0.5172187  -0.01700982],1.0,1.0
[-0.53277637 -0.01555767 -0.54676522 -0.01398884 -0.55908045 -0.01231524],1.0,1.0
[-0.56963008 -0.01054963 -0.57833556 -0.00870549 -0.58513237 -0.0067968 ],1.0,1.0
[-0.58997029 -0.00483792 -0.5928137  -0.00284341 -0.59364173 -0.00082803],0.9618152,1.0
[-0.59250556  0.00113616 -0.58941355  0.00309201 -0.58438841  0.00502515],0.83086616,1.0
[-0.57766356  0.00672484 -0.56928871  0.00837485 -0.55932595  0.00996276],0.8503011,1.0
[-0.5478203   0.01150565 -0.5348577   0.0129626  -0.52053522  0.01432248],1.0,1.0
[-0.50473572  0.0157995  -0.48757761  0.01715811 -0.46918914  0.01838847],1.0,1.0
[-0.44970693  0.01948221 -0.42927438  0.02043255 -0.40803987  0.02123452],0.86755365,1.0
[-0.38635345  0.02168641 -0.36436621  0.02198724 -0.34222698  0.02213923],0.82678103,1.0
[-0.32014172  0.02208525 -0.29824923  0.02189249 -0.27668085  0.02156838],0.8273739,1.0
[-0.25555853  0.02112233 -0.23499569  0.02056283 -0.21509585  0.01989985],0.9639673,1.0
[-0.19574737  0.01934848 -0.17703412  0.01871325 -0.15903054  0.01800358],0.7590987,1.0
[-0.14210915  0.01692139 -0.12632533  0.01578381 -0.11172548  0.01459985],1.0,1.0
[-0.09798651  0.01373897 -0.0851403   0.01284621 -0.07321299  0.01192732],0.92570305,1.0
[-0.06233705  0.01087593 -0.05252898  0.00980808 -0.04380137  0.00872761],1.0,1.0
[-0.03605221  0.00774916 -0.02928844  0.00676377 -0.02351503  0.00577341],0.88556033,1.0
[-0.01890706  0.00460797 -0.01546673  0.00344033 -0.01319536  0.00227136],0.85252523,1.0
[-0.01214325  0.00105211 -0.0123107  -0.00016744 -0.01369765 -0.00138695],0.8333494,1.0
[-0.01633246 -0.00263482 -0.02021425 -0.00388179 -0.02534143 -0.00512717],1.0,1.0
[-0.03146138 -0.00611995 -0.0385702  -0.00710882 -0.04666231 -0.00809211],0.93866205,1.0
[-0.05582196 -0.00915966 -0.06603866 -0.01021669 -0.07729845 -0.0112598 ],0.9384882,1.0
[-0.08958359 -0.01228514 -0.10287127 -0.01328767 -0.11713309 -0.01426183],0.73881954,1.0
[-0.13263392 -0.01550083 -0.14933121 -0.01669729 -0.16717356 -0.01784235],0.87883395,1.0
[-0.1858898  -0.01871623 -0.20540901 -0.01951921 -0.22565013 -0.02024112],0.85765254,1.0
[-0.24655349 -0.02090336 -0.26801711 -0.02146362 -0.28992875 -0.02191163],0.77496415,1.0
[-0.31229041 -0.02236166 -0.3349704  -0.02267999 -0.35782836 -0.02285796],0.682992,1.0
[-0.38085449 -0.02302613 -0.40389429 -0.0230398  -0.42678821 -0.02289392],0.9221656,1.0
[-0.4490148  -0.02222659 -0.47041286 -0.02139807 -0.49082489 -0.02041202],0.85590154,1.0
[-0.51019846 -0.01937358 -0.52838866 -0.0181902  -0.54525909 -0.01687042],0.9716241,1.0
[-0.56050974 -0.01525065 -0.57402668 -0.01351695 -0.58570943 -0.01168274],1.0,1.0
[-0.59542903 -0.0097196  -0.60311407 -0.00768504 -0.60870838 -0.00559431],1.0,1.0
[-0.61217128 -0.0034629  -0.61347768 -0.0013064  -0.61261813  0.00085955],0.9150461,1.0
[-0.60972627  0.00289186 -0.60482305  0.00490322 -0.59794408  0.00687896],0.922836,1.0
[-0.58912789  0.0088162  -0.57843913  0.01068876 -0.56595667  0.01248246],0.95665616,1.0
[-0.55172239  0.01423428 -0.53584245  0.01587994 -0.51843572  0.01740673],1.0,1.0
[-0.49956772  0.01886801 -0.47937979  0.02018793 -0.45802253  0.02135726],0.900116,1.0
[-0.43580375  0.02221878 -0.41288567  0.02291808 -0.38943259  0.02345308],1.0,1.0
[-0.3654588   0.02397379 -0.34112707  0.02433173 -0.31659654  0.02453053],1.0,1.0
[-0.29202065  0.02457589 -0.26754521  0.02447544 -0.2433068   0.0242384 ],1.0,1.0
[-0.21943147  0.02387534 -0.19603372  0.02339774 -0.17321597  0.02281776],1.0,1.0
[-0.1510682   0.02214777 -0.12966805  0.02140015 -0.10908112  0.02058693],1.0,1.0
[-0.08936152  0.0197196  -0.07055262  0.0188089  -0.05268793  0.01786469],1.0,1.0
[-0.03579207  0.01689586 -0.01988182  0.01591025 -0.00496712  0.0149147 ],0.75213915,1.0
[0.00857607 0.01354319 0.02074829 0.01217222 0.03155356 0.01080527],0.8312436,1.0
[0.04111689 0.00956333 0.04944608 0.00832919 0.05654959 0.00710351],0.9314411,1.0
[0.06258615 0.00603656 0.06756382 0.00497766 0.07148982 0.003926  ],0.99918884,1.0
[0.07447188 0.00298206 0.07651486 0.00204298 0.07762219 0.00110734],1.0,1.0
[ 0.07779701  0.00017481  0.0770396  -0.0007574   0.07534867 -0.00169093],1.0,1.0
[ 0.07272134 -0.00262733  0.06915327 -0.00356807  0.0646388  -0.00451447],1.0,0.99999976
[ 0.05917119 -0.00546761  0.05274287 -0.00642832  0.04534577 -0.00739709],1.0,0.99999976
[ 0.03697178 -0.008374    0.02761314 -0.00935863  0.01726308 -0.01035006],1.0,0.9999995
[ 0.00591637 -0.01134671 -0.00642994 -0.01234632 -0.01977579 -0.01334585],0.69343007,0.9999995
[-0.0345771  -0.01480131 -0.05082482 -0.01624772 -0.0685034  -0.01767857],0.850923,0.9999995
[-0.08735298 -0.01884958 -0.10734082 -0.01998784 -0.12842378 -0.02108295],0.814146,0.9999995
[-0.15060225 -0.02217848 -0.17380866 -0.02320641 -0.19796162 -0.02415296],0.6679421,0.99999976
[-0.2231846  -0.02522298 -0.24936591 -0.02618131 -0.27637778 -0.02701186],0.904443,1.0
[-0.30372176 -0.02734398 -0.33124114 -0.02751938 -0.3587678  -0.02752665],0.896347,1.0
[-0.38613639 -0.02736859 -0.41316246 -0.02702607 -0.43965721 -0.02649475],1.0,1.0
[-0.46527489 -0.02561768 -0.48982777 -0.02455288 -0.5131335  -0.02330573],1.0,1.0
[-0.5350177  -0.02188421 -0.55531628 -0.02029858 -0.57387734 -0.01856106],0.8618382,1.0
[-0.59076998 -0.01689264 -0.60586948 -0.0150995  -0.61906544 -0.01319596],0.92497057,1.0
[-0.63016769 -0.01110225 -0.63909677 -0.00892908 -0.64578938 -0.00669261],0.80208725,1.0
"[-6.50382821e-01 -4.59343987e-03 -6.52845011e-01 -2.46219035e-03
 -6.53158830e-01 -3.13819591e-04]",0.8973887,1.0
[-0.65117915  0.00197968 -0.64691972  0.00425943 -0.64041026  0.00650946],0.9990159,1.0
[-0.63154401  0.00886625 -0.62038372  0.01116029 -0.60700918  0.01337454],0.8849226,1.0
[-0.59168819  0.015321   -0.57453268  0.01715551 -0.55566927  0.01886341],0.84776855,1.0
[-0.53529405  0.02037522 -0.51355948  0.02173457 -0.49062854  0.02293094],1.0,1.0
[-0.46644448  0.02418407 -0.44118697  0.02525751 -0.41504128  0.02614569],1.0,1.0
[-0.38819545  0.02684583 -0.36083745  0.027358   -0.33315222  0.02768523],0.9196287,1.0
[-0.30543945  0.02771277 -0.2778691   0.02757035 -0.25059983  0.02726927],0.9736671,1.0
[-0.22369621  0.02690362 -0.19728996  0.02640625 -0.17149795  0.02579201],0.9980378,1.0
[-0.14638524  0.02511271 -0.12203825  0.02434699 -0.09852852  0.02350973],1.0,1.0
[-0.07591037  0.02261815 -0.05422766  0.0216827  -0.03351195  0.02071571],1.0,1.0
[-0.01378362  0.01972833  0.00494685  0.01873047  0.0226776   0.01773075],1.0,1.0
[0.03941413 0.01673653 0.05516811 0.01575399 0.06995626 0.01478815],1.0,1.0
[0.08379926 0.013843   0.09672085 0.01292159 0.10874694 0.01202609],1.0,1.0
[0.1199049  0.01115796 0.13022287 0.01031797 0.1397292  0.00950633],0.9749499,1.0
[0.1484144  0.0086852  0.15630577 0.00789136 0.16342941 0.00712364],1.0,1.0
[0.16984756 0.00641815 0.17558329 0.00573573 0.18065791 0.00507462],1.0,0.99999976
[0.1850908  0.00443289 0.1888993  0.0038085  0.1920986  0.0031993 ],1.0,0.99999976
[0.19470168 0.00260308 0.19671925 0.00201757 0.19815968 0.00144044],1.0,0.9999995
[ 0.19902902  0.00086933  0.19933091  0.00030189  0.19906663 -0.00026428],1.0,0.99999905
[ 0.19823507 -0.00083156  0.19683273 -0.00140234  0.19485372 -0.001979  ],1.0,0.99999857
[ 0.19228984 -0.00256389  0.18913051 -0.00315932  0.18536292 -0.00376759],0.77870506,0.9999981
[ 0.18064008 -0.00472285  0.17494349 -0.00569659  0.16825144 -0.00669205],1.0,0.99999714
[ 0.16087115 -0.00738029  0.1527764  -0.00809475  0.14393967 -0.00883673],1.0,0.99999666
[ 0.13433243 -0.00960725  0.12392546 -0.01040697  0.11268928 -0.01123618],1.0,0.9999964
[ 0.10059461 -0.01209467  0.08761291 -0.01298169  0.07371708 -0.01389583],1.0,0.99999666
[ 0.05888214 -0.01483495  0.04308609 -0.01579604  0.02631091 -0.01677519],1.0,0.99999714
[ 0.0085435  -0.0177674  -0.01022308 -0.01876658 -0.02998849 -0.01976541],1.0,0.9999981
[-0.05074378 -0.0207553  -0.07247017 -0.02172638 -0.0951377  -0.02266753],0.9976236,0.9999988
[-0.11870766 -0.02356996 -0.14312432 -0.02441666 -0.16831762 -0.0251933 ],0.8259689,0.9999995
[-0.19445995 -0.02614234 -0.22144985 -0.0269899  -0.24916909 -0.02771924],0.6535898,0.99999976
[-0.2777414  -0.02857232 -0.30701457 -0.02927317 -0.33681982 -0.02980525],0.62132883,1.0
[-0.36702176 -0.03020194 -0.39742333 -0.03040156 -0.42781677 -0.03039345],0.56934357,1.0
[-0.45806473 -0.03024795 -0.48794701 -0.02988228 -0.51724216 -0.02929515],0.7887034,1.0
[-0.54540192 -0.02815976 -0.57221522 -0.0268133  -0.59748214 -0.02526691],0.81946,1.0
[-0.62097026 -0.02348812 -0.64250925 -0.02153899 -0.66194602 -0.01943677],1.0,1.0
[-0.67887471 -0.0169287  -0.69318051 -0.01430579 -0.70476859 -0.01158809],0.82585835,1.0
[-0.71382503 -0.00905644 -0.72029218 -0.00646715 -0.72412947 -0.00383729],0.8379445,1.0
[-0.72529495 -0.00116548 -0.72378143  0.00151352 -0.71959825  0.00418317],0.61101484,1.0
[-0.71311182  0.00648644 -0.70436285  0.00874896 -0.69340711  0.01095574],0.46778488,1.0
[-0.68053051  0.0128766  -0.66581824  0.01471227 -0.64936971  0.01644852],0.7568888,1.0
[-0.6308648   0.01850492 -0.61043386  0.02043093 -0.58822368  0.02221019],0.9015101,1.0
[-0.56417957  0.02404411 -0.53847959  0.02569998 -0.51131577  0.02716381],1.0,1.0
[-0.48274406  0.02857171 -0.452978    0.02976607 -0.42223763  0.03074037],0.9829636,1.0
[-0.39077137  0.03146626 -0.35880071  0.03197066 -0.32654185  0.03225886],1.0,1.0
[-0.29417633  0.03236552 -0.2618988   0.03227752 -0.22988852  0.03201029],1.0,1.0
[-0.19830688  0.03158164 -0.16729572  0.03101116 -0.13697626  0.03031946],1.0,1.0
[-0.10744867  0.02952759 -0.07879232  0.02865635 -0.05106645  0.02772587],1.0,1.0
[-0.02431129  0.02675515  0.0014505   0.0257618   0.02621232  0.02476182],1.0,1.0
[0.04998187 0.02376955 0.07277947 0.0227976  0.09463642 0.02185695],1.0,1.0
[0.11559345 0.02095703 0.1356993  0.02010585 0.15500947 0.01931017],0.8151914,1.0
[0.1733079  0.01829843 0.19065948 0.01735158 0.20713177 0.01647229],0.9300717,1.0
[0.22296649 0.01583473 0.23823506 0.01526857 0.25301053 0.01477546],0.94020325,1.0
[0.26738254 0.01437201 0.28142694 0.0140444  0.29522098 0.01379404],1.0,0.99999976
[0.30893307 0.0137121  0.32264418 0.0137111  0.33643777 0.01379359],0.984899,0.99999976
[0.35037761 0.01393984 0.36455332 0.01417572 0.3790583  0.01450497],1.0,0.9999995
[0.39401287 0.01495457 0.40951984 0.01550697 0.42568783 0.01616799],0.90800065,0.9999993
