State,Action,Action wo Noise
[-0.55372687  0.         -0.55372687  0.         -0.55372687  0.        ],1.0,1.0
[-0.55200122  0.00172565 -0.54856281  0.00343841 -0.54343734  0.00512547],1.0,1.0
[-0.53666317  0.00677417 -0.52829104  0.00837213 -0.51838372  0.00990732],0.9635034,1.0
[-0.50707026  0.01131346 -0.49443545  0.01263481 -0.48057384  0.01386161],1.0,1.0
[-0.46553402  0.01503982 -0.44942748  0.01610654 -0.43237265  0.01705483],1.0,1.0
[-0.41449351  0.01787914 -0.39591812  0.01857539 -0.37677709  0.01914103],1.0,1.0
[-0.35720196  0.01957513 -0.33732362  0.01987834 -0.31727076  0.02005286],0.96659833,1.0
[-0.29721852  0.02005224 -0.27728669  0.01993183 -0.25758872  0.01969797],0.9905774,1.0
[-0.23819484  0.01939388 -0.21920351  0.01899133 -0.20070495  0.01849856],0.68312705,1.0
[-0.18324205  0.0174629  -0.16688613  0.01635592 -0.15169868  0.01518745],0.45140427,1.0
[-0.13807967  0.01361901 -0.12607212  0.01200756 -0.11571077  0.01036135],0.6002824,1.0
[-0.10679987  0.00891089 -0.09936133  0.00743854 -0.09341212  0.00594921],0.80065197,1.0
[-0.0886644   0.00474772 -0.08512779  0.00353661 -0.08280911  0.00231868],0.9601901,1.0
[-0.0814734   0.00133571 -0.0811231   0.0003503  -0.08175884 -0.00063574],0.90511787,1.0
[-0.08346208 -0.00170324 -0.08622969 -0.00276761 -0.09005643 -0.00382674],0.7036728,1.0
[-0.09523698 -0.00518055 -0.10176067 -0.00652369 -0.10961327 -0.00785259],0.7927011,1.0
[-0.11864285 -0.00902958 -0.12882669 -0.01018384 -0.14013708 -0.01131039],0.69718045,1.0
[-0.152684   -0.01254692 -0.16642745 -0.01374344 -0.18131993 -0.01489249],0.8152473,0.99999976
[-0.19712872 -0.01580878 -0.21379005 -0.01666133 -0.2312317  -0.01744165],0.8160529,0.99999976
[-0.2493715  -0.0181398  -0.26811965 -0.01874815 -0.28737765 -0.019258  ],0.9634405,1.0
[-0.30681754 -0.01943989 -0.32632592 -0.01950838 -0.34578382 -0.0194579 ],1.0,1.0
[-0.36501297 -0.01922915 -0.38388716 -0.01887418 -0.40227876 -0.01839161],1.0,1.0
[-0.42006032 -0.01778155 -0.43710598 -0.01704566 -0.45329309 -0.01618711],1.0,1.0
[-0.46850359 -0.0152105  -0.48262542 -0.01412183 -0.49555378 -0.01292836],1.0,1.0
[-0.50719223 -0.01163845 -0.51745368 -0.01026145 -0.52626121 -0.00880753],1.0,1.0
[-0.53354878 -0.00728757 -0.53926173 -0.00571295 -0.54335725 -0.00409552],0.75172424,1.0
"[-5.46177087e-01 -2.81983505e-03 -5.47700128e-01 -1.52304081e-03
 -5.47914979e-01 -2.14851762e-04]",0.92395616,1.0
[-0.54656169  0.00135329 -0.54365037  0.00291131 -0.53920283  0.00444754],1.0,1.0
[-0.5331383   0.00606453 -0.52550223  0.00763607 -0.51635189  0.00915034],1.0,1.0
[-0.5057559   0.010596   -0.49379366  0.01196224 -0.48055466  0.013239  ],1.0,1.0
[-0.4661376   0.01441706 -0.45064936  0.01548824 -0.43420389  0.01644547],0.9496002,1.0
[-0.41699647  0.01720742 -0.39915061  0.01784586 -0.38079218  0.01835843],0.9452809,1.0
[-0.36205441  0.01873777 -0.34306343  0.01899098 -0.32394331  0.01912012],1.0,1.0
[-0.30473266  0.01921065 -0.28554808  0.01918458 -0.26650094  0.01904714],0.8304434,1.0
[-0.2479508   0.01855015 -0.22999465  0.01795615 -0.21272098  0.01727367],0.7300861,1.0
[-0.19636015  0.01636082 -0.18098283  0.01537732 -0.16665085  0.01433198],0.81001747,1.0
[-0.15329786  0.01335299 -0.14097009  0.01232777 -0.12970704  0.01126305],0.7138841,1.0
[-0.11968627  0.01002077 -0.11093525  0.00875102 -0.10347622  0.00745903],0.5429128,1.0
[-0.09758333  0.00589289 -0.09326971  0.00431362 -0.09054449  0.00272522],0.53519636,1.0
[-0.08942481  0.00111968 -0.0899129  -0.0004881  -0.09200781 -0.0020949 ],0.545934,1.0
[-0.09568918 -0.00368137 -0.10094934 -0.00526017 -0.10777684 -0.00682749],0.55765086,1.0
[-0.11613831 -0.00836147 -0.12601309 -0.00987478 -0.13737487 -0.01136178],0.6732346,1.0
[-0.15001748 -0.01264261 -0.1639013  -0.01388382 -0.17897909 -0.01507779],0.64384943,0.99999976
[-0.19523931 -0.01626021 -0.21261704 -0.01737773 -0.23103743 -0.0184204 ],0.6170277,0.99999976
[-0.25045544 -0.01941801 -0.2707748  -0.02031936 -0.29188815 -0.02111335],0.8394185,0.99999976
[-0.31334359 -0.02145544 -0.33501432 -0.02167072 -0.35676604 -0.02175172],0.9172636,1.0
[-0.37834152 -0.02157548 -0.39959639 -0.02125486 -0.42038407 -0.02078768],1.0,1.0
[-0.44043355 -0.02004948 -0.45960032 -0.01916677 -0.47774414 -0.01814382],0.83611196,1.0
[-0.49497661 -0.01723247 -0.51116932 -0.01619271 -0.52620106 -0.01503174],0.7666,1.0
[-0.54006339 -0.01386232 -0.55265237 -0.01258899 -0.56387384 -0.01122146],0.80365604,1.0
[-0.57358849 -0.00971465 -0.58172413 -0.00813565 -0.58822056 -0.00649643],0.861705,1.0
[-0.5929428  -0.00472224 -0.59585614 -0.00291334 -0.59693923 -0.00108309],1.0,1.0
[-0.5959767   0.00096254 -0.59297558  0.00300112 -0.58795789  0.00501769],0.779955,1.0
[-0.58129056  0.00666733 -0.57302277  0.00826779 -0.56321573  0.00980705],0.5196636,1.0
[-0.55233276  0.01088297 -0.54045506  0.0118777  -0.52767149  0.01278357],0.45303294,1.0
[-0.51417783  0.01349366 -0.50007527  0.01410256 -0.48546944  0.01460583],0.75952774,1.0
[-0.47000966  0.01545978 -0.45381079  0.01619888 -0.43699221  0.01681858],0.6726365,1.0
[-0.41980695  0.01718526 -0.40237865  0.0174283  -0.38483064  0.01754801],0.9360025,1.0
[-0.36688958  0.01794105 -0.34867703  0.01821256 -0.33031299  0.01836404],0.8061693,1.0
[-0.31210946  0.01820353 -0.29417855  0.01793091 -0.27662637  0.01755218],0.83195025,1.0
[-0.25951368  0.01711269 -0.24293291  0.01658077 -0.22696915  0.01596376],1.0,1.0
[-0.2114479   0.01552125 -0.1964403   0.0150076  -0.18201099  0.0144293 ],1.0,1.0
[-0.16821817  0.01379283 -0.15511369  0.01310447 -0.14274339  0.0123703 ],0.84580976,1.0
[-0.13137863  0.01136476 -0.12105348  0.01032515 -0.11179656  0.00925692],0.84915566,1.0
[-0.10362661  0.00816995 -0.09656309  0.00706352 -0.09062167  0.00594142],1.0,1.0
[-0.08558842  0.00503324 -0.08147322  0.0041152  -0.07828371  0.00318951],0.8950932,1.0
"[-7.61829403e-02  2.10077425e-03 -7.51745168e-02  1.00842354e-03
 -7.52601464e-02 -8.56295694e-05]",0.75626504,1.0
[-0.07664793 -0.00138778 -0.07933551 -0.00268758 -0.08331822 -0.00398271],1.0,1.0
[-0.08822324 -0.00490502 -0.0940412  -0.00581797 -0.10076033 -0.00671913],0.80488455,1.0
[-0.10865879 -0.00789845 -0.11771826 -0.00905947 -0.12791612 -0.01019786],0.6792584,1.0
[-0.13941327 -0.01149714 -0.15217604 -0.01276277 -0.16616389 -0.01398785],0.6085039,0.99999976
[-0.18143475 -0.01527086 -0.19793157 -0.01649682 -0.2155877  -0.01765613],0.82273054,0.99999976
[-0.23400483 -0.01841713 -0.25309671 -0.01909189 -0.27276782 -0.0196711 ],1.0,0.99999976
[-0.29264757 -0.01987976 -0.31262417 -0.01997659 -0.33257952 -0.01995536],0.9180811,1.0
[-0.35251327 -0.01993374 -0.37229743 -0.01978416 -0.39180067 -0.01950324],0.8322593,1.0
[-0.41101845 -0.01921778 -0.42981623 -0.01879778 -0.44805975 -0.01824352],0.85570186,1.0
[-0.46558142 -0.01752167 -0.48225247 -0.01667105 -0.49794928 -0.0156968 ],1.0,1.0
[-0.51233826 -0.01438899 -0.52531169 -0.01297342 -0.53677226 -0.01146058],1.0,1.0
[-0.54663407 -0.0098618  -0.55482324 -0.00818917 -0.56127857 -0.00645533],1.0,1.0
[-0.56595191 -0.00467334 -0.56880845 -0.00285654 -0.56982696 -0.00101851],1.0,1.0
[-0.56899987  0.00082709 -0.56633332  0.00266655 -0.56184714  0.00448618],1.0,1.0
[-0.55557472  0.00627241 -0.54756285  0.00801187 -0.53787141  0.00969144],1.0,1.0
[-0.52657296  0.01129845 -0.5137522   0.01282076 -0.49950527  0.01424692],1.0,1.0
[-0.4839389   0.01556638 -0.46716927  0.01676963 -0.44932084  0.01784843],1.0,1.0
[-0.4305249   0.01879594 -0.41091797  0.01960692 -0.39064015  0.02027782],1.0,1.0
[-0.36983329  0.02080686 -0.3486392   0.02119409 -0.32719788  0.02144132],1.0,1.0
[-0.3056458   0.02155207 -0.28411436  0.02153144 -0.26272847  0.02138589],1.0,1.0
[-0.24160542  0.02112305 -0.22085392  0.0207515  -0.20057347  0.02028045],0.9600853,1.0
[-0.18091379  0.01965967 -0.16195473  0.01895906 -0.14376622  0.01818851],1.0,1.0
[-0.12634877  0.01741745 -0.10975386  0.01659491 -0.09402466  0.0157292 ],1.0,1.0
[-0.07919665  0.014828   -0.06529842  0.01389823 -0.05235237  0.01294605],0.93510246,1.0
[-0.0404729   0.01187947 -0.02967237  0.01080053 -0.01995929  0.00971308],0.9707295,1.0
[-0.01128563  0.00867366 -0.00365444  0.00763119  0.00293299  0.00658743],0.749894,1.0
[0.00814536 0.00521237 0.01198331 0.00383795 0.01444772 0.00246441],0.918036,1.0
[ 0.01579153  0.00134381  0.01601521  0.00022367  0.01511882 -0.00089639],1.0,1.0
[ 0.013225   -0.00189382  0.01033315 -0.00289185  0.0064425  -0.00389065],1.0,0.99999976
[ 0.00155232 -0.00489018 -0.00433784 -0.00589016 -0.01122778 -0.00688994],1.0,0.99999976
[-0.01911631 -0.00788853 -0.02800073 -0.00888442 -0.03787633 -0.0098756 ],0.9797412,0.9999995
[-0.04876619 -0.01088987 -0.06065974 -0.01189355 -0.0735424  -0.01288266],1.0,0.9999995
[-0.08736445 -0.01382206 -0.10210113 -0.01473668 -0.11772145 -0.01562032],1.0,0.9999995
[-0.13418747 -0.01646602 -0.15145365 -0.01726617 -0.16946618 -0.01801253],1.0,0.9999995
[-0.18816252 -0.01869634 -0.20747102 -0.0193085  -0.2273107  -0.01983968],1.0,0.99999976
[-0.24759128 -0.02028058 -0.26821334 -0.02062206 -0.28906883 -0.02085549],0.55041605,0.99999976
[-0.3107161  -0.02164726 -0.33302801 -0.02231192 -0.35586699 -0.02283897],0.6342414,1.0
[-0.37896017 -0.02309318 -0.40215305 -0.02319289 -0.4252854  -0.02313235],1.0,1.0
[-0.44764446 -0.02235906 -0.46906825 -0.0214238  -0.48939921 -0.02033095],1.0,1.0
[-0.50848621 -0.019087   -0.52618651 -0.01770031 -0.54236741 -0.0161809 ],1.0,1.0
[-0.55690762 -0.01454021 -0.56969842 -0.01279081 -0.58064458 -0.01094616],0.93243784,1.0
[-0.58976633 -0.00912175 -0.59699641 -0.00723008 -0.60228179 -0.00528538],0.9933242,1.0
[-0.60549253 -0.00321074 -0.60660524 -0.00111271 -0.60561183  0.00099341],0.8567721,1.0
[-0.60272435  0.00288748 -0.59796383  0.00476052 -0.59136503  0.0065988 ],0.5683854,1.0
[-0.58340889  0.00795613 -0.574154    0.00925489 -0.56366883  0.01048518],0.98355216,1.0
[-0.55140852  0.01226031 -0.53746456  0.01394397 -0.5219413   0.01552326],1.0,1.0
[-0.50493047  0.01701083 -0.48655958  0.01837089 -0.46696592  0.01959366],0.99203044,1.0
[-0.44630692  0.020659   -0.42473437  0.02157254 -0.40240445  0.02232993],1.0,1.0
[-0.37946358  0.02294086 -0.35607036  0.02339322 -0.33238136  0.02368899],1.0,1.0
[-0.30854913  0.02383223 -0.28472019  0.02382894 -0.26103338  0.02368681],1.0,1.0
[-0.23761839  0.02341499 -0.21459465  0.02302374 -0.19207048  0.02252417],0.9388734,1.0
[-0.17023434  0.02183614 -0.14917088  0.02106345 -0.12895294  0.02021795],1.0,1.0
[-0.10955024  0.0194027  -0.09101373  0.0185365  -0.07338462  0.01762912],0.87590885,1.0
[-0.0568813   0.01650332 -0.04152781  0.01535349 -0.02734108  0.01418673],1.0,1.0
[-0.01414594  0.01319514 -0.00194855  0.01219739  0.00924888  0.01119743],1.0,1.0
[0.01944727 0.01019839 0.02864992 0.00920265 0.0368618  0.00821188],0.9050117,1.0
[0.04394646 0.00708466 0.04991034 0.00596388 0.0547597  0.00484937],0.7163469,1.0
[0.05821725 0.00345755 0.06028735 0.0020701  0.06097274 0.0006854 ],0.72586316,1.0
[ 0.06028864 -0.0006841   0.05823411 -0.00205453  0.05480643 -0.00342768],0.72434574,0.99999976
[ 0.04999899 -0.00480744  0.04380614 -0.00619285  0.03622136 -0.00758478],0.7386986,0.9999993
[ 0.02725937 -0.00896199  0.01691379 -0.01034558  0.00517947 -0.01173432],1.0,0.9999988
[-0.00755454 -0.01273402 -0.02128792 -0.01373337 -0.03601619 -0.01472828],1.0,0.99999857
[-0.05172989 -0.0157137  -0.06841354 -0.01668365 -0.08604473 -0.01763118],1.0,0.99999857
[-0.10459308 -0.01854835 -0.12401937 -0.01942629 -0.14427461 -0.02025524],1.0,0.9999988
[-0.16529931 -0.0210247  -0.18702287 -0.02172356 -0.20936314 -0.02234027],1.0,0.9999993
[-0.2322263  -0.02286315 -0.25550689 -0.0232806  -0.27908831 -0.02358142],1.0,0.99999976
[-0.30284347 -0.02375516 -0.3266359  -0.02379242 -0.35032107 -0.02368517],0.8460638,1.0
[-0.37397899 -0.02365792 -0.39745265 -0.02347366 -0.4205809  -0.02312824],0.9225927,1.0
[-0.44308564 -0.02250475 -0.4648045  -0.02171885 -0.48557813 -0.02077364],0.7210768,1.0
[-0.50555469 -0.01997656 -0.5245849  -0.01903021 -0.5425261  -0.0179412 ],0.7158239,1.0
[-0.55925168 -0.01672558 -0.57463664 -0.01538496 -0.58856658 -0.01392993],1.0,1.0
[-0.60051233 -0.01194575 -0.61038634 -0.00987401 -0.61811677 -0.00773043],0.8791404,1.0
[-0.62382907 -0.0057123  -0.6274822  -0.00365314 -0.62905005 -0.00156785],0.72297186,1.0
"[-6.28755688e-01  2.94365988e-04 -6.26601204e-01  2.15448380e-03
 -6.22601979e-01  3.99922431e-03]",0.45319408,1.0
[-0.61719131  0.00541067 -0.61040809  0.00678322 -0.60230134  0.00810675],0.626963,1.0
[-0.59266935  0.00963199 -0.58158259  0.01108676 -0.56912269  0.0124599 ],0.8730976,1.0
[-0.55501278  0.01410991 -0.53935796  0.01565482 -0.52227535  0.01708261],0.94999635,1.0
[-0.50377767  0.01849768 -0.48400356  0.01977411 -0.46310073  0.02090283],1.0,1.0
[-0.44114914  0.02195159 -0.41830965  0.0228395  -0.39474675  0.0235629 ],1.0,1.0
[-0.37062635  0.02412039 -0.3461134   0.02451295 -0.32136958  0.02474382],0.97846216,1.0
[-0.29658344  0.02478614 -0.27190362  0.02467982 -0.24746948  0.02443414],0.688663,1.0
[-0.22384446  0.02362503 -0.20114361  0.02270085 -0.17946825  0.02167536],0.7711851,1.0
[-0.15878243  0.02068582 -0.13916153  0.01962091 -0.12066912  0.0184924 ],0.93570375,1.0
[-0.10311113  0.01755799 -0.08653093  0.0165802  -0.07096341  0.01556752],0.9621256,1.0
[-0.05639626  0.01456715 -0.04285022  0.01354603 -0.03034037  0.01250985],0.7349118,1.0
[-0.0192178   0.01112257 -0.00948871  0.00972909 -0.00115624  0.00833247],1.0,1.0
[0.00617624 0.00733248 0.01250916 0.00633291 0.01784383 0.00533467],0.9692413,1.0
[0.02213595 0.00429212 0.02538744 0.00325149 0.02760004 0.0022126 ],0.9065321,1.0
"[ 2.86809992e-02  1.08096223e-03  2.86310082e-02 -4.99910705e-05
  2.74500316e-02 -1.18097656e-03]",1.0,1.0
[ 0.02527753 -0.0021725   0.02211221 -0.00316532  0.01795239 -0.00415982],0.8388873,0.99999976
[ 0.01255452 -0.00539787  0.00591676 -0.00663776 -0.00196228 -0.00787904],1.0,0.9999995
[-0.01084127 -0.00887899 -0.02071894 -0.00987767 -0.03159178 -0.01087284],1.0,0.9999995
[-0.04345341 -0.01186162 -0.05629382 -0.01284041 -0.07009866 -0.01380485],1.0,0.9999993
[-0.08484843 -0.01474977 -0.10051765 -0.01566921 -0.11707405 -0.0165564 ],0.7813498,0.9999993
[-0.13480581 -0.01773176 -0.15366388 -0.01885807 -0.17358895 -0.01992507],0.7033845,0.9999995
[-0.19462754 -0.02103859 -0.21669687 -0.02206933 -0.2397012  -0.02300433],0.9788333,0.9999995
[-0.26311827 -0.02341707 -0.28682785 -0.02370958 -0.31069936 -0.02387151],1.0,0.99999976
[-0.33456124 -0.02386188 -0.35826612 -0.02370488 -0.38166078 -0.02339466],0.89551246,1.0
[-0.40474482 -0.02308404 -0.42735823 -0.02261341 -0.44934019 -0.02198196],1.0,1.0
[-0.47037449 -0.0210343  -0.49030628 -0.01993179 -0.50898735 -0.01868107],0.88829666,1.0
[-0.52644552 -0.01745817 -0.5425499  -0.01610438 -0.55717978 -0.01462988],0.74335426,1.0
[-0.57044319 -0.01326341 -0.5822414  -0.01179821 -0.59248702 -0.01024562],1.0,1.0
[-0.60071965 -0.00823263 -0.60687901 -0.00615937 -0.61092026 -0.00404124],1.0,1.0
"[-6.12814054e-01 -1.89379716e-03 -6.12546696e-01  2.67357403e-04
 -6.10120118e-01  2.42657796e-03]",1.0,1.0
[-0.60555189  0.00456823 -0.59887519  0.0066767  -0.5901387   0.00873649],0.9984909,1.0
[-0.57940874  0.01072997 -0.56676442  0.01264432 -0.55229952  0.0144649 ],1.0,1.0
[-0.53611963  0.01617989 -0.51834586  0.01777377 -0.49911148  0.01923438],0.922719,1.0
[-0.47867651  0.02043497 -0.45719337  0.02148315 -0.43482089  0.02237247],0.8790355,1.0
[-0.41178786  0.02303304 -0.38825922  0.02352864 -0.36439941  0.02385981],0.9736714,1.0
[-0.34022821  0.0241712  -0.31590346  0.02432475 -0.29157706  0.0243264 ],0.891425,1.0
[-0.26751654  0.02406053 -0.24385606  0.02366047 -0.22071877  0.02313729],0.9370241,1.0
[-0.19814761  0.02257116 -0.17624207  0.02190554 -0.15508961  0.02115245],0.958323,1.0
[-0.13473393  0.02035569 -0.1152393   0.01949463 -0.09665927  0.01858003],1.0,1.0
[-0.07897486  0.01768441 -0.06222062  0.01675425 -0.04642294  0.01579767],1.0,1.0
[-0.03160107  0.01482188 -0.01776796  0.0138331  -0.00493131  0.01283665],1.0,1.0
[0.00690562 0.01183693 0.01774309 0.01083746 0.02758409 0.00984101],1.0,1.0
[0.03643365 0.00884956 0.04429813 0.00786448 0.05118466 0.00688652],1.0,1.0
[0.05710059 0.00591594 0.06205312 0.00495253 0.06604885 0.00399572],0.87127656,1.0
[0.0689004  0.00285156 0.07061209 0.00171169 0.07118658 0.00057449],0.9061583,1.0
[ 0.07067709 -0.00050948  0.06908283 -0.00159426  0.06640131 -0.00268152],0.5775749,0.99999976
[ 0.06213559 -0.00426572  0.05627953 -0.00585605  0.04882539 -0.00745414],0.77222395,0.9999993
[ 0.04005636 -0.00876903  0.02996369 -0.01009267  0.01853945 -0.01142424],0.8100582,0.9999988
[ 0.00583417 -0.01270529 -0.00815565 -0.01398982 -0.02342963 -0.01527398],1.0,0.9999981
[-0.03969744 -0.01626781 -0.05694753 -0.0172501  -0.07516124 -0.0182137 ],0.8698969,0.9999981
[-0.09450681 -0.01934557 -0.11494773 -0.02044092 -0.13643663 -0.0214889 ],0.7612501,0.99999833
[-0.15907714 -0.02264051 -0.18279645 -0.02371931 -0.2075073  -0.02471085],0.73215383,0.9999988
[-0.23315094 -0.02564364 -0.25960934 -0.0264584  -0.28674885 -0.02713951],0.5817742,0.9999993
[-0.31464633 -0.02789748 -0.34313765 -0.02849132 -0.37204461 -0.02890697],0.8082747,0.99999976
[-0.40083707 -0.02879245 -0.42931715 -0.02848008 -0.45728254 -0.02796539],1.0,1.0
[-0.48424202 -0.02695949 -0.509996   -0.02575398 -0.53435197 -0.02435597],0.9841762,1.0
[-0.55715104 -0.02279907 -0.57822263 -0.02107159 -0.5974101  -0.01918748],1.0,1.0
[-0.61454851 -0.0171384  -0.62951322 -0.01496471 -0.64219687 -0.01268365],1.0,1.0
[-0.65250969 -0.01031282 -0.6603796  -0.00786991 -0.66575219 -0.0053726 ],0.99625725,1.0
"[-6.68596278e-01 -2.84408453e-03 -6.68892468e-01 -2.96189642e-04
 -6.66638749e-01  2.25371938e-03]",1.0,1.0
[-0.66184485  0.0047939  -0.65454358  0.00730127 -0.64478529  0.00975829],1.0,1.0
[-0.63263799  0.0121473  -0.6181874   0.01445059 -0.60153688  0.01665052],1.0,1.0
[-0.58280713  0.01872975 -0.56213565  0.02067148 -0.5396758   0.02245986],0.97873014,1.0
[-0.51562731  0.02404849 -0.49017051  0.0254568  -0.46349591  0.0266746 ],1.0,1.0
[-0.43576963  0.02772627 -0.40719449  0.02857515 -0.37797473  0.02921975],1.0,1.0
[-0.34831275  0.02966198 -0.31840566  0.0299071  -0.28844214  0.02996352],1.0,1.0
[-0.2585996   0.02984254 -0.22904172  0.02955788 -0.19991652  0.0291252 ],1.0,1.0
[-0.17135501  0.02856151 -0.14347039  0.02788463 -0.11635775  0.02711264],1.0,1.0
[-0.09009433  0.02626341 -0.06474015  0.02535418 -0.04033897  0.02440118],0.9827974,1.0
[-0.01694531  0.02339366  0.00542577  0.02237109  0.02677139  0.02134561],1.0,1.0
[0.04712506 0.02035367 0.06650367 0.01937861 0.08493188 0.01842821],1.0,1.0
[0.1024408  0.01750892 0.11906685 0.01662605 0.1348507  0.01578385],1.0,1.0
[0.14983636 0.01498566 0.16407036 0.014234   0.17760114 0.01353078],0.7451973,1.0
[0.19009625 0.01249511 0.20160479 0.01150854 0.21217461 0.01056982],0.7812941,1.0
[0.22190595 0.00973134 0.23084305 0.0089371  0.23902801 0.00818496],0.96974295,0.99999976
[0.24678326 0.00775526 0.25414755 0.00736429 0.26115858 0.00701103],1.0,0.9999995
[0.26789845 0.00673987 0.27440319 0.00650474 0.28070825 0.00630506],1.0,0.9999993
[0.28684861 0.00614036 0.29285891 0.0060103  0.29877359 0.00591468],1.0,0.9999988
[0.30462706 0.00585346 0.31045383 0.00582677 0.31628875 0.00583492],1.0,0.99999857
[0.32216715 0.00587841 0.3281251  0.00595795 0.3341996  0.00607449],1.0,0.9999981
[0.3404288  0.00622921 0.34685234 0.00642353 0.35351152 0.00665918],1.0,0.99999785
[0.36044969 0.00693817 0.36771252 0.00726282 0.37534835 0.00763583],1.0,0.99999785
[0.38340859 0.00806025 0.39194814 0.00853954 0.40102577 0.00907763],1.0,0.99999785
[0.41070468 0.00967891 0.42105299 0.0103483  0.43214427 0.01109128],1.0,0.99999785
