State,Action,Action wo Noise
[-0.52673179  0.         -0.52673179  0.         -0.52673179  0.        ],0.6730907,0.9823164
[-0.52569865  0.00103313 -0.52364013  0.00205852 -0.52057167  0.00306846],0.4453548,0.98539317
[-0.51685788  0.00371379 -0.5125266   0.00433127 -0.50761032  0.00491628],0.14482126,0.9869921
[-0.50259668  0.00501364 -0.49752322  0.00507346 -0.49242789  0.00509533],0.3896607,0.9858136
[-0.48698151  0.00544638 -0.48122472  0.00575679 -0.47520039  0.00602433],0.6157677,0.9851618
[-0.46861412  0.00658627 -0.46151471  0.0070994  -0.4539546   0.00756011],0.75752884,0.9851327
[-0.44577673  0.00817787 -0.43704095  0.00873578 -0.42781079  0.00923016],0.6314357,0.98458064
[-0.41834203  0.00946875 -0.4087025   0.00963954 -0.39896057  0.00974193],0.7013967,0.982142
[-0.3890797   0.00988087 -0.37912847  0.00995123 -0.36917506  0.00995341],0.8764995,0.9785328
[-0.3590241   0.01015096 -0.34874315  0.01028094 -0.33839956  0.0103436 ],1.0,0.9743048
[-0.32787459  0.01052497 -0.31723465  0.01063994 -0.30654545  0.0106892 ],1.0,0.9686432
[-0.29587152  0.01067393 -0.28527575  0.01059577 -0.27481896  0.01045678],1.0,0.96010125
[-0.26455957  0.0102594  -0.25455324  0.01000633 -0.24485269  0.00970055],1.0,0.9458566
[-0.23550745  0.00934523 -0.22656378  0.00894367 -0.21806452  0.00849926],0.9443699,0.924515
[-0.21013256  0.00793196 -0.20280352  0.00732904 -0.19610932  0.0066942 ],0.662863,0.89053667
[-0.19050051  0.00560882 -0.18600012  0.00450039 -0.18262622  0.00337389],0.80587894,0.82655656
[-0.18017759  0.00244863 -0.17866373  0.00151387 -0.17809045  0.00057328],1.0,0.7477175
"[-1.78168773e-01 -7.83233336e-05 -1.78898397e-01 -7.29623893e-04
 -1.80276528e-01 -1.37813168e-03]",0.8052618,0.6876862
[-0.18258997 -0.00231344 -0.18582974 -0.00323977 -0.18998309 -0.00415334],1.0,0.6218201
[-0.19474125 -0.00475816 -0.20008477 -0.00534352 -0.20599126 -0.0059065 ],1.0,0.593884
[-0.21243539 -0.00644413 -0.21938878 -0.00695338 -0.22681995 -0.00743117],1.0,0.6063535
[-0.23469433 -0.00787438 -0.24297423 -0.0082799  -0.25161885 -0.00864463],1.0,0.64604604
[-0.26058441 -0.00896555 -0.26982415 -0.00923975 -0.27928861 -0.00946445],1.0,0.7057576
[-0.28892568 -0.00963708 -0.29868098 -0.00975529 -0.30849803 -0.00981706],1.0,0.76996887
[-0.31831869 -0.00982065 -0.32808345 -0.00976477 -0.33773194 -0.00964849],0.5427946,0.8307811
[-0.34788911 -0.01015717 -0.35848973 -0.01060062 -0.36946445 -0.01097472],1.0,0.8650471
[-0.38005442 -0.01058997 -0.39018801 -0.01013359 -0.39979568 -0.00960767],1.0,0.9112619
[-0.40881067 -0.00901499 -0.41716966 -0.00835899 -0.42481337 -0.00764371],1.0,0.94608426
[-0.43168718 -0.00687381 -0.43774162 -0.00605444 -0.44293289 -0.00519127],1.0,0.9667939
[-0.44722327 -0.00429038 -0.45058147 -0.0033582  -0.45298293 -0.00240146],1.0,0.97888446
"[-4.54410052e-01 -1.42712381e-03 -4.54852373e-01 -4.42321118e-04
 -4.54306645e-01  5.45728224e-04]",1.0,0.98586583
[-0.45277687  0.00152977 -0.45027428  0.0025026  -0.44681719  0.00345709],1.0,0.98960745
[-0.44243089  0.0043863  -0.43714735  0.00528354 -0.43100495  0.0061424 ],1.0,0.9914645
[-0.4240481   0.00695684 -0.41632684  0.00772126 -0.4078963   0.00843054],1.0,0.992154
[-0.39881621  0.00908009 -0.38915028  0.00966593 -0.3789656   0.01018468],1.0,0.99197996
[-0.36833195  0.01063365 -0.35732114  0.01101081 -0.34600634  0.01131481],1.0,0.990769
[-0.33446135  0.01154499 -0.32275999  0.01170136 -0.31097543  0.01178456],1.0,0.98810947
[-0.29917958  0.01179585 -0.28744257  0.01173701 -0.27583224  0.01161033],0.63288236,0.9831281
[-0.26496439  0.01086785 -0.25489812  0.01006627 -0.24568651  0.00921161],0.84066087,0.9707447
[-0.23706503  0.00862148 -0.22907651  0.00798852 -0.22175952  0.00731699],0.2898448,0.95063853
[-0.21597462  0.0057849  -0.2117483   0.00422632 -0.20909954  0.00264877],0.4988315,0.90439355
"[-2.07726559e-01  1.37297613e-03 -2.07635403e-01  9.11562964e-05
 -2.08826465e-01 -1.19106247e-03]",0.37207857,0.8373766
[-0.21148465 -0.00265819 -0.21559821 -0.00411356 -0.2211487  -0.00555049],0.103277974,0.75659466
[-0.22851395 -0.00736526 -0.23765949 -0.00914553 -0.24854114 -0.01088166],0.28461048,0.659534
[-0.26083255 -0.0122914  -0.27446992 -0.01363738 -0.28937969 -0.01490977],0.2776222,0.614691
[-0.30548865 -0.01610896 -0.32270274 -0.01721409 -0.34091755 -0.01821481],0.65841204,0.65049076
[-0.35944728 -0.01852974 -0.37817138 -0.01872409 -0.39696428 -0.01879291],0.78416556,0.7635306
[-0.41550802 -0.01854374 -0.43367205 -0.01816403 -0.45132614 -0.01765409],0.9770966,0.8722998
[-0.46805239 -0.01672625 -0.48372766 -0.01567528 -0.49823561 -0.01450795],1.0,0.9419589
[-0.5114336  -0.01319799 -0.52322282 -0.01178921 -0.53351485 -0.01029203],0.86570984,0.97489786
[-0.54243395 -0.00891911 -0.5499133  -0.00747935 -0.55589694 -0.00598363],0.63659006,0.98796475
[-0.56068383 -0.00478689 -0.56423827 -0.00355444 -0.56653378 -0.00229551],0.9783887,0.9931532
"[-5.67040593e-01 -5.06808801e-04 -5.65754927e-01  1.28566639e-03
 -5.62686348e-01  3.06857847e-03]",1.0,0.99608445
[-0.55782528  0.00486106 -0.55120797  0.00661731 -0.54288383  0.00832414],0.8215406,0.9975616
[-0.53318282  0.00970101 -0.52217762  0.01100519 -0.50995078  0.01222685],1.0,0.99808204
[-0.49632626  0.01362451 -0.48140606  0.0149202  -0.46530147  0.0161046 ],0.847424,0.99820065
[-0.44836074  0.01694073 -0.43070838  0.01765236 -0.41247258  0.0182358 ],1.0,0.9978311
[-0.39355487  0.01891771 -0.37408794  0.01946693 -0.35420512  0.01988282],1.0,0.9970287
[-0.33403877  0.02016635 -0.31371872  0.02032005 -0.29337081  0.02034791],1.0,0.9953208
[-0.27311556  0.02025525 -0.25306705  0.02004851 -0.23333201  0.01973504],1.0,0.9914602
[-0.21400909  0.01932293 -0.19518837  0.01882072 -0.17695115  0.01823722],1.0,0.9824554
[-0.15936987  0.01758128 -0.14250825  0.01686162 -0.12642162  0.01608663],1.0,0.9616574
[-0.11115734  0.01526429 -0.09675533  0.01440201 -0.08324874  0.01350659],1.0,0.91576624
[-0.07066459  0.01258415 -0.05902448  0.01164012 -0.04834527  0.01067921],1.0,0.82452095
[-0.03863981  0.00970546 -0.02991758  0.00872223 -0.02218528  0.0077323 ],0.8994861,0.6688045
[-0.01559822  0.00658706 -0.01015919  0.00543903 -0.00586978  0.00428942],0.37155247,0.43587494
[-0.00352264  0.00234713 -0.00311804  0.0004046  -0.004656   -0.00153796],0.82939744,0.067179084
[-0.00744962 -0.00279362 -0.01149852 -0.0040489  -0.01680184 -0.00530332],-0.06097054,-0.18022633
[-0.02469344 -0.0078916  -0.03516964 -0.0104762  -0.04822339 -0.01305375],-0.48633966,-0.45512784
[-0.06448053 -0.01625714 -0.08392055 -0.01944002 -0.10651127 -0.02259072],-0.42486462,-0.6612293
[-0.13211275 -0.02560147 -0.16065772 -0.02854497 -0.19205519 -0.03139747],-0.21796595,-0.722029
[-0.22587601 -0.03382082 -0.26197143 -0.03609542 -0.30016065 -0.03818922],-0.29525638,-0.6409506
[-0.34034584 -0.04018519 -0.38228012 -0.04193428 -0.42568571 -0.04340559],-0.17273258,-0.36231154
[-0.47007423 -0.04438852 -0.51512156 -0.04504733 -0.56049156 -0.04537   ],0.13763103,0.22154737
[-0.60537898 -0.04488742 -0.64945274 -0.04407376 -0.69239841 -0.04294567],0.18267757,0.7739352
[-0.73385749 -0.04145908 -0.77356812 -0.03971063 -0.81130081 -0.03773269],0.59867907,0.95760787
[-0.84623582 -0.03493501 -0.87821355 -0.03197773 -0.90710769 -0.02889414],0.70658994,0.9933088
[-0.9326595  -0.02555181 -0.95479756 -0.02213807 -0.97347118 -0.01867362],1.0,0.9987676
[-0.9882057  -0.01473452 -0.99897927 -0.01077357 -1.00577894 -0.00679968],1.0,0.9997282
[-1.00859789 -0.00281895 -1.00743359  0.00116431 -1.00228705  0.00514654],0.8846322,0.999918
[-0.99333622  0.00895083 -0.98059101  0.01274521 -0.96406859  0.01652242],0.71400505,0.9999654
[-0.94405251  0.02001608 -0.92058415  0.02346836 -0.89372298  0.02686117],0.5979091,0.99997973
[-0.86372528  0.0299977  -0.83069995  0.03302533 -0.79478679  0.03591317],0.6993821,0.9999838
[-0.75600769  0.03877909 -0.7145743   0.0414334  -0.67073659  0.04383771],0.79938376,0.9999826
[-0.62463176  0.04610483 -0.57658166  0.0480501  -0.52693678  0.04964488],0.8700226,0.9999738
[-0.47596184  0.05097495 -0.42403792  0.05192392 -0.37154462  0.0524933 ],0.9487481,0.99994254
[-0.31872947  0.05281515 -0.26593279  0.05279668 -0.21345869  0.05247409],0.9959756,0.99981666
[-0.16149532  0.05196338 -0.11025026  0.05124506 -0.05987574  0.05037452],0.5036487,0.99922717
[-0.01120552  0.04867022  0.03572158  0.0469271   0.0809185   0.04519692],0.7910247,0.995396
[0.12487526 0.04395676 0.16769195 0.04281668 0.20950491 0.04181296],0.9070669,0.9746046
[0.25065621 0.04115131 0.29134226 0.04068604 0.33178454 0.04044228],0.94999486,0.90339017
