State,Action,Action wo Noise
[-0.52399864  0.         -0.52399864  0.         -0.52399864  0.        ],1.0,0.9999752
[-0.52249564  0.001503   -0.51950091  0.00299473 -0.51503692  0.00446399],1.0,0.99998736
[-0.50913714  0.00589979 -0.50184578  0.00729136 -0.49321745  0.00862833],1.0,0.99999475
[-0.48331667  0.00990078 -0.47221727  0.0110994  -0.46000171  0.01221556],1.0,0.9999974
[-0.44676024  0.01324147 -0.43258996  0.01417027 -0.41759381  0.01499616],1.0,0.99999857
[-0.40187935  0.01571445 -0.38555764  0.01632171 -0.3687419   0.01681574],1.0,0.9999988
[-0.35154626  0.01719564 -0.33408447  0.01746179 -0.31646869  0.01761578],1.0,0.99999905
[-0.29880833  0.01766036 -0.28120898  0.01759935 -0.26377153  0.01743745],1.0,0.9999988
[-0.24659136  0.01718017 -0.22975773  0.01683362 -0.21335338  0.01640435],1.0,0.99999857
[-0.19745418  0.0158992  -0.18212904  0.01532514 -0.16743992  0.01468912],0.979631,0.9999976
[-0.15347252  0.0139674  -0.14027534  0.01319718 -0.12789059  0.01238475],0.55510616,0.9999957
[-0.11699143  0.01089916 -0.1076072   0.00938423 -0.09976117  0.00784603],0.9980558,0.9999888
[-0.09280693  0.00695424 -0.08675934  0.0060476  -0.08163045  0.00512889],0.8386689,0.9999745
[-0.07766897  0.00396148 -0.07488193  0.00278704 -0.07327407  0.00160786],1.0,0.9999423
[-0.07260605  0.00066802 -0.07287895 -0.00027291 -0.07409235 -0.00121339],0.66980153,0.99987817
[-0.07673953 -0.00264718 -0.08081605 -0.00407652 -0.08631476 -0.0054987 ],0.7736478,0.99968743
[-0.09306964 -0.00675488 -0.10106724 -0.0079976  -0.11029033 -0.00922309],0.42473367,0.9992064
[-0.12124072 -0.01095039 -0.13389045 -0.01264974 -0.14820411 -0.01431366],0.63696826,0.99759746
[-0.16381926 -0.01561515 -0.18068307 -0.01686381 -0.19873306 -0.01804999],0.67290056,0.99400103
[-0.21784239 -0.01910933 -0.23792723 -0.02008484 -0.25889245 -0.02096522],0.81108403,0.98917437
[-0.28042415 -0.02153171 -0.30240552 -0.02198137 -0.32471012 -0.02230459],0.79807436,0.98714066
[-0.34722232 -0.0225122  -0.36979936 -0.02257705 -0.3922923  -0.02249294],0.7140854,0.9894185
[-0.41467363 -0.02238133 -0.43678632 -0.02211268 -0.45847163 -0.02168531],0.6859858,0.9933579
[-0.47961331 -0.02114169 -0.50005495 -0.02044164 -0.51964405 -0.01958909],0.5758708,0.99684525
[-0.538399   -0.01875495 -0.55617917 -0.01778018 -0.57285158 -0.01667241],0.82809734,0.99874675
[-0.58791379 -0.01506221 -0.60125447 -0.01334069 -0.61277585 -0.01152138],0.69109017,0.99964416
[-0.62259971 -0.00982386 -0.6306553  -0.00805559 -0.63688506 -0.00622976],0.91486603,0.99990535
"[-6.40909137e-01 -4.02407752e-03 -6.42699138e-01 -1.79000054e-03
 -6.42242472e-01  4.56666128e-04]",1.0,0.99997735
[-0.63941465  0.00282782 -0.63423558  0.00517907 -0.62674188  0.0074937 ],0.971718,0.99999475
[-0.61702932  0.00971256 -0.60516759  0.01186173 -0.59124261  0.01392498],1.0,0.99999857
[-0.57531377  0.01592884 -0.55749862  0.01781515 -0.53792967  0.01956896],0.79272443,0.9999995
[-0.51706417  0.02086549 -0.4950586   0.02200557 -0.47207773  0.02298087],1.0,0.99999976
[-0.44798174  0.024096   -0.42294801  0.02503372 -0.39715775  0.02579026],1.0,0.99999976
[-0.37079322  0.02636453 -0.34403502  0.02675821 -0.31705934  0.02697568],1.0,0.99999976
[-0.29003547  0.02702386 -0.26312347  0.026912   -0.2364722   0.02665127],1.0,0.99999976
[-0.21021779  0.02625442 -0.18448248  0.02573531 -0.15937396  0.02510852],0.72420186,0.99999976
[-0.13539879  0.02397517 -0.1126339   0.02276489 -0.09114133  0.02149257],0.46645492,0.9999995
[-0.07135622  0.01978512 -0.05331435  0.01804186 -0.0370409   0.01627346],0.8479726,0.99999833
[-0.02198006  0.01506083 -0.00814184  0.01383823  0.00446909  0.01261093],0.7041684,0.9999957
[0.0156365  0.01116741 0.02536291 0.00972641 0.03365281 0.0082899 ],1.0,0.99998784
[0.04095544 0.00730263 0.04727691 0.00632147 0.05262348 0.00534658],0.66973275,0.9999714
[0.05650575 0.00388226 0.05892844 0.0024227  0.05989471 0.00096626],0.6091713,0.99992275
[ 0.05931497 -0.00057973  0.05718847 -0.0021265   0.05351243 -0.00367604],0.80358505,0.99975896
[ 0.04857392 -0.00493852  0.04236728 -0.00620664  0.03488618 -0.0074811 ],0.3302627,0.99934864
[ 0.02541416 -0.00947202  0.01394479 -0.01146937  0.000473   -0.01347179],0.4717641,0.997574
[-0.01479114 -0.01526414 -0.03184517 -0.01705403 -0.05068015 -0.01883498],0.7947213,0.9906523
[-0.07079421 -0.02011406 -0.09216002 -0.02136581 -0.1147388  -0.02257878],1.0,0.9757166
[-0.13817094 -0.02343213 -0.16239135 -0.02422041 -0.18732092 -0.02492956],0.74903506,0.96043336
[-0.21324245 -0.02592154 -0.24004609 -0.02680363 -0.26760545 -0.02755937],0.76737803,0.9452542
[-0.29575046 -0.02814501 -0.32432326 -0.0285728  -0.35315212 -0.02882886],0.9688545,0.9452932
[-0.38175106 -0.02859894 -0.40992875 -0.0281777  -0.43748927 -0.02756051],0.9027831,0.96999216
[-0.46433427 -0.026845   -0.49026724 -0.02593297 -0.5150956  -0.02482837],1.0,0.9892678
[-0.53848774 -0.02339213 -0.56026824 -0.0217805  -0.58027428 -0.02000604],1.0,0.9973904
[-0.59835729 -0.01808302 -0.61438431 -0.01602702 -0.62823882 -0.01385451],1.0,0.9994937
[-0.63982136 -0.01158254 -0.64904978 -0.00922842 -0.65585937 -0.00680959],1.0,0.999907
"[-6.60202837e-01 -4.34346341e-03 -6.62050208e-01 -1.84737074e-03
 -6.61388793e-01  6.61414580e-04]",1.0,0.99998236
[-0.65822313  0.00316566 -0.65257502  0.00564812 -0.64448354  0.00809148],1.0,0.9999962
[-0.63400516  0.01047837 -0.6212138   0.01279136 -0.60620074  0.01501306],1.0,0.99999905
[-0.58907449  0.01712625 -0.56996032  0.01911417 -0.54899956  0.02096076],0.87058896,0.99999976
[-0.5265426   0.02245696 -0.50275767  0.02378493 -0.47782307  0.0249346 ],0.6809002,0.99999976
[-0.45220936  0.02561371 -0.42610563  0.02610373 -0.39970137  0.02640426],0.98811746,0.99999976
[-0.37272292  0.02697845 -0.34535561  0.0273673  -0.31778015  0.02757546],1.0,1.0
[-0.2901521   0.02762805 -0.26263524  0.02751686 -0.23538171  0.02725353],0.53692013,0.99999976
[-0.20922497  0.02615674 -0.18428634  0.02493863 -0.1606699   0.02361644],0.8310819,0.99999976
[-0.13802199  0.0226479  -0.1164162   0.0216058  -0.09591285  0.02050334],1.0,0.9999993
[-0.07630673  0.01960612 -0.05763539  0.01867134 -0.03992676  0.01770862],1.0,0.9999988
[-0.02320023  0.01672653 -0.00746764  0.01573259  0.00726557  0.01473321],1.0,0.9999974
[0.02099938 0.01373381 0.03373815 0.01273877 0.04548971 0.01175156],1.0,0.9999943
[0.05626451 0.01077481 0.06607485 0.00981034 0.07493414 0.00885929],1.0,0.99998784
[0.08285633 0.0079222  0.08985537 0.00699903 0.09594468 0.00608932],1.0,0.9999747
[0.10113684 0.00519216 0.1054432  0.00430636 0.10887359 0.0034304 ],1.0,0.99994946
[0.11143616 0.00256257 0.11313713 0.00170097 0.11398073 0.0008436 ],1.0,0.99990225
"[ 1.13969062e-01 -1.16673259e-05  1.13102102e-01 -8.66959649e-04
  1.11377678e-01 -1.72442409e-03]",0.9391481,0.99981403
[ 0.10870024 -0.00267744  0.10506328 -0.00363696  0.10045819 -0.00460509],0.6594513,0.9996308
[ 0.09445496 -0.00600323  0.0870406  -0.00741436  0.07820017 -0.00884043],0.93066484,0.9990511
[ 0.06832422 -0.00987595  0.0573966  -0.01092762  0.04540195 -0.01199465],1.0,0.9978056
[ 0.03243045 -0.0129715   0.01847077 -0.01395968  0.00351493 -0.01495584],1.0,0.9955344
[-0.01244077 -0.0159557  -0.02939473 -0.01695396 -0.04733897 -0.01794425],1.0,0.99108446
[-0.06625805 -0.01891908 -0.0861279  -0.01986985 -0.10691476 -0.02078686],0.7756591,0.9831126
[-0.12891064 -0.02199587 -0.15205839 -0.02314775 -0.17628701 -0.02422862],0.83518475,0.9669733
[-0.20142131 -0.0251343  -0.22736014 -0.02593883 -0.25398685 -0.02662671],1.0,0.9499335
[-0.28092226 -0.02693542 -0.30802118 -0.02709892 -0.33512655 -0.02710537],0.89277226,0.9545015
[-0.36223218 -0.02710563 -0.38916219 -0.02693    -0.4157342  -0.02657201],0.6104716,0.9712101
[-0.44218543 -0.02645124 -0.46832551 -0.02614008 -0.49396254 -0.02563702],0.9100499,0.9844959
[-0.51845647 -0.02449393 -0.54162389 -0.02316742 -0.56329111 -0.02166722],0.85925144,0.9950026
[-0.58337246 -0.02008136 -0.60171904 -0.01834657 -0.61819618 -0.01647714],0.9411364,0.9988222
[-0.63256163 -0.01436544 -0.64471262 -0.01215099 -0.65456341 -0.00985079],0.97526556,0.9997685
[-0.66199414 -0.00743073 -0.66695358 -0.00495943 -0.66940779 -0.00245421],0.5887222,0.99995756
"[-6.69919897e-01 -5.12104486e-04 -6.68486415e-01  1.43348220e-03
 -6.65117087e-01  3.36932726e-03]",0.82407707,0.9999893
[-0.65948186  0.00563523 -0.65161938  0.00786248 -0.64158406  0.01003532],0.26397747,0.99999714
[-0.63028625  0.01129781 -0.61780591  0.01248034 -0.60423242  0.01357349],0.2552898,0.9999988
[-0.58967712  0.0145553  -0.57424654  0.01543058 -0.55805462  0.01619191],0.11287802,0.9999993
[-0.54143543  0.01661919 -0.52451321  0.01692222 -0.50741482  0.01709839],0.65320975,0.9999993
[-0.48945794  0.01795688 -0.47077686  0.01868108 -0.45151047  0.01926639],0.5423927,0.9999995
[-0.43196695  0.01954352 -0.41228846  0.01967849 -0.39261577  0.01967268],0.760346,0.9999995
[-0.37275986  0.01985592 -0.3528565   0.01990336 -0.33303792  0.01981858],0.6694314,0.9999993
[-0.31356781  0.01947011 -0.2945666   0.01900121 -0.27614699  0.01841961],0.9892849,0.99999905
[-0.25793351  0.01821348 -0.24002425  0.01790926 -0.22251047  0.01751379],0.83554256,0.9999988
[-0.20570674  0.01680372 -0.18968858  0.01601817 -0.17452311  0.01516547],0.73174757,0.9999981
[-0.16042512  0.01409799 -0.14744553  0.0129796  -0.13562769  0.01181783],1.0,0.9999957
[-0.12460576  0.01102194 -0.11441117  0.01019459 -0.10507077  0.00934041],0.8902832,0.99999166
[-0.09677176  0.00829901 -0.08953271  0.00723905 -0.0833686   0.00616411],0.47802436,0.99998236
[-0.07890967  0.00445893 -0.07616398  0.00274569 -0.07513627  0.00102771],0.6467212,0.99994564
[-0.07557524 -0.00043897 -0.07748015 -0.00190491 -0.08084774 -0.00336759],0.92698383,0.99983096
[-0.08525168 -0.00440394 -0.09068383 -0.00543215 -0.09713355 -0.00644973],0.832393,0.9996072
[-0.1047293  -0.00759574 -0.11345407 -0.00872477 -0.12328684 -0.00983277],1.0,0.9991375
[-0.13395055 -0.01066371 -0.14541511 -0.01146456 -0.15764552 -0.01223042],1.0,0.9984108
[-0.17060153 -0.01295601 -0.18423719 -0.01363566 -0.19850061 -0.01426342],1.0,0.9975219
[-0.2133337  -0.01483309 -0.22867203 -0.01533833 -0.24444479 -0.01577277],1.0,0.9967027
[-0.26057492 -0.01613013 -0.27697931 -0.01640438 -0.29356915 -0.01658984],0.7631427,0.9964044
[-0.31060579 -0.01703664 -0.32798865 -0.01738287 -0.34561112 -0.01762246],0.7920712,0.9962634
[-0.36331784 -0.01770673 -0.38099278 -0.01767494 -0.39851683 -0.01752405],0.78732234,0.9968587
[-0.41577614 -0.01725932 -0.43264912 -0.01687297 -0.4490148  -0.01636568],1.0,0.9979869
[-0.46443521 -0.01542041 -0.47879701 -0.01436181 -0.49199382 -0.01319681],1.0,0.9991263
[-0.50392731 -0.01193349 -0.51450825 -0.01058094 -0.52365736 -0.00914911],1.0,0.9996953
[-0.53130603 -0.00764867 -0.53739691 -0.00609087 -0.54188432 -0.00448742],1.0,0.999902
"[-5.44734666e-01 -2.85034333e-03 -5.45926597e-01 -1.19193035e-03
 -5.45451194e-01  4.75403113e-04]",1.0,0.99996877
[-0.54331201  0.00213918 -0.53952507  0.00378694 -0.53411873  0.00540634],1.0,0.9999893
[-0.5271335   0.00698523 -0.51862176  0.00851174 -0.50864734  0.00997441],1.0,0.99999595
[-0.49728503  0.01136232 -0.48461986  0.01266517 -0.47074637  0.01387349],1.0,0.9999981
[-0.45576761  0.01497876 -0.43979408  0.01597353 -0.42294249  0.01685159],1.0,0.99999905
[-0.4053344   0.01760809 -0.3870948   0.0182396  -0.3683506   0.0187442 ],1.0,0.9999993
[-0.34922913  0.01912148 -0.32985659  0.01937254 -0.31035668  0.01949991],1.0,0.9999993
[-0.2908492   0.01950747 -0.27144892  0.01940028 -0.2522645   0.01918442],0.9618802,0.9999993
[-0.23345486  0.01880964 -0.21511392  0.01834094 -0.1973274   0.01778653],0.68272793,0.99999905
[-0.18059137  0.01673603 -0.16497324  0.01561813 -0.15053104  0.01444221],0.470307,0.99999785
[-0.13763275  0.01289828 -0.12631891  0.01131384 -0.11662224  0.00969667],0.5609253,0.99999404
[-0.10843273  0.00818951 -0.10177072  0.00666201 -0.0966517   0.00511902],0.48216742,0.99998116
"[-9.32050694e-02  3.44662763e-03 -9.14380949e-02  1.76697450e-03
 -9.13543972e-02  8.36976953e-05]",0.40799806,0.999938
[-0.0930654  -0.001711   -0.0965676  -0.0035022  -0.10185362 -0.00528602],0.34099317,0.99977446
[-0.10901235 -0.00715873 -0.11802709 -0.00901474 -0.12887525 -0.01084816],0.07109199,0.99914014
[-0.14193224 -0.01305699 -0.15715937 -0.01522713 -0.1745071  -0.01734773],-0.3607529,0.9961928
[-0.19456112 -0.02005402 -0.21724237 -0.02268125 -0.24245234 -0.02520997],0.37002927,0.97903407
[-0.2689746  -0.02652226 -0.29667113 -0.02769653 -0.32538611 -0.02871499],0.5646953,0.9506054
[-0.35465458 -0.02926847 -0.38428953 -0.02963495 -0.4140921  -0.02980257],0.65134287,0.9513577
[-0.44372427 -0.02963217 -0.47297277 -0.02924849 -0.50162248 -0.02864972],1.0,0.97409666
[-0.5289369  -0.02731442 -0.55471129 -0.02577439 -0.57875267 -0.02404138],1.0,0.9932749
[-0.60088228 -0.02212961 -0.62093745 -0.02005516 -0.6387729  -0.01783546],1.0,0.9988148
[-0.65426164 -0.01548874 -0.66729531 -0.01303367 -0.67778432 -0.01048902],1.0,0.9998164
[-0.68565774 -0.00787342 -0.69086304 -0.0052053  -0.69336584 -0.0025028 ],1.0,0.9999714
"[-6.93149729e-01  2.16114827e-04 -6.90216112e-01  2.93361757e-03
 -6.84584255e-01  5.63185671e-03]",1.0,0.999995
[-0.6762914   0.00829286 -0.66539298  0.01089842 -0.65196289  0.01343009],1.0,0.99999905
[-0.63609369  0.0158692  -0.6178967   0.01819699 -0.59750187  0.02039483],0.9710379,0.99999976
[-0.57510074  0.02240113 -0.55085832  0.02424242 -0.52495513  0.02590319],1.0,1.0
[-0.49754177  0.02741336 -0.46882363  0.02871814 -0.43901446  0.02980917],0.9039802,1.0
[-0.40847692  0.03053754 -0.37742976  0.03104716 -0.3460881   0.03134166],0.52827275,1.0
[-0.31522332  0.03086478 -0.28502913  0.03019419 -0.25568292  0.02934622],0.94389075,1.0
[-0.22672077  0.02896215 -0.19828646  0.02843431 -0.17050689  0.02777957],1.0,1.0
[-0.14340731  0.02709957 -0.11707993  0.02632739 -0.0915999   0.02548002],1.0,0.99999976
[-0.06702608  0.02457382 -0.04340189  0.02362419 -0.02075653  0.02264536],1.0,0.99999976
[0.00089367 0.0216502  0.02154388 0.02065021 0.04119931 0.01965543],1.0,0.9999993
[0.05987381 0.0186745  0.07758853 0.01771472 0.09437067 0.01678214],0.94006354,0.99999857
[0.11016243 0.01579176 0.12499958 0.01483714 0.13892055 0.01392097],0.8012249,0.99999666
[0.15175734 0.0128368  0.16355062 0.01179328 0.17434067 0.01079005],0.7492459,0.9999926
[0.18408881 0.00974814 0.19283247 0.00874366 0.20060679 0.00777432],0.6125281,0.9999838
[0.20723913 0.00663234 0.21275807 0.00551894 0.21718798 0.00442992],1.0,0.9999633
[0.22113006 0.00394208 0.22460236 0.0034723  0.22762103 0.00301867],1.0,0.9999392
[0.23020028 0.00257925 0.23235237 0.00215209 0.23408763 0.00173525],1.0,0.99991536
[0.23541443 0.0013268  0.23633921 0.00092478 0.23686649 0.00052728],1.0,0.99988556
"[ 2.36998844e-01  1.32352820e-04  2.36736917e-01 -2.61926996e-04
  2.36079429e-01 -6.57488207e-04]",1.0,0.9998474
[ 0.23502317 -0.00105626  0.23356299 -0.00146018  0.23169182 -0.00187117],0.645393,0.9997964
[ 0.22886872 -0.0028231   0.22508021 -0.00378851  0.2203084  -0.00477181],0.4213743,0.99963367
[ 0.21419508 -0.00611331  0.20671246 -0.00748263  0.1978274  -0.00888506],0.3664774,0.99907565
[ 0.18741956 -0.01040784  0.1754463  -0.01197326  0.16186113 -0.01358517],0.9527245,0.9971664
[ 0.14749404 -0.01436709  0.13229681 -0.01519723  0.11622299 -0.01607382],1.0,0.9940003
[ 0.0992996  -0.01692339  0.08148633 -0.01781327  0.06274739 -0.01873895],1.0,0.98900676
[ 0.0430526  -0.01969478  0.02237864 -0.02067396  0.00071032 -0.02166833],1.0,0.97870994
[-0.021958   -0.02266832 -0.0456209  -0.0236629  -0.07026042 -0.02463952],1.0,0.9581206
[-0.09584462 -0.02558419 -0.12232617 -0.02648156 -0.14964127 -0.0273151 ],1.0,0.9266181
[-0.17770865 -0.02806738 -0.20642909 -0.02872044 -0.23568526 -0.02925617],1.0,0.9021876
[-0.26534212 -0.02965686 -0.29524786 -0.02990574 -0.32523539 -0.02998753],0.90936345,0.9099288
[-0.35526033 -0.03002494 -0.38513078 -0.02987045 -0.41464608 -0.0295153 ],0.9475683,0.94221985
[-0.4435427  -0.02889662 -0.47161264 -0.02806993 -0.49864954 -0.0270369 ],1.0,0.97648096
[-0.52437338 -0.02572384 -0.54859142 -0.02421803 -0.57112218 -0.02253077],1.0,0.99383163
[-0.59179773 -0.02067555 -0.61046534 -0.01866761 -0.62698881 -0.01652346],0.68233293,0.9987643
[-0.64172572 -0.01473691 -0.65457161 -0.01284589 -0.66543679 -0.01086518],0.44982928,0.9997277
[-0.67459525 -0.00915846 -0.68198482 -0.00738958 -0.68755596 -0.00557113],0.42976326,0.99992704
"[-6.91301757e-01 -3.74579889e-03 -6.93197532e-01 -1.89577507e-03
 -6.93230846e-01 -3.33143267e-05]",0.9087191,0.9999788
[-0.69068305  0.0025478  -0.68557086  0.00511219 -0.67792805  0.00764281],1.0,0.999995
[-0.66766867  0.01025937 -0.6548621   0.01280657 -0.63959631  0.0152658 ],1.0,0.9999988
[-0.62197798  0.01761832 -0.60213248  0.0198455  -0.58020341  0.02192907],1.0,0.99999976
[-0.55635184  0.02385157 -0.53075502  0.02559682 -0.50360453  0.02715049],1.0,1.0
[-0.4751039   0.02850062 -0.44546571  0.02963819 -0.41490816  0.03055755],0.9689685,1.0
[-0.38369797  0.03121019 -0.35205305  0.03164492 -0.32018523  0.03186782],0.94349813,1.0
[-0.28833482  0.03185041 -0.25669075  0.03164407 -0.22542609  0.03126466],0.6629763,1.0
[-0.19511673  0.03030936 -0.16589671  0.02922003 -0.13787894  0.02801777],0.39590815,1.0
[-0.11155647  0.02632247 -0.08700143  0.02455504 -0.06426786  0.02273357],0.50711,0.99999976
[-0.04322731  0.02104056 -0.02390509  0.01932221 -0.00631579  0.01758931],0.58504117,0.99999905
[0.00965153 0.01596732 0.02399745 0.01434593 0.03672742 0.01272996],0.7714034,0.9999969
[0.04812965 0.01140223 0.05821499 0.01008535 0.06699548 0.00878048],1.0,0.9999914
[0.07482628 0.00783081 0.08171981 0.00689353 0.0876881  0.00596828],0.9917996,0.99998116
[0.09273009 0.00504199 0.09685589 0.0041258  0.10007419 0.0032183 ],1.0,0.99996233
[0.10240432 0.00233012 0.10385149 0.00144717 0.10441902 0.00056753],1.0,0.9999263
[ 0.10410821 -0.00031081  0.10291834 -0.00118986  0.1008467  -0.00207165],1.0,0.9998572
[ 0.0978886  -0.0029581   0.09403752 -0.00385108  0.08928527 -0.00475225],0.7240669,0.9997227
[ 0.08320827 -0.006077    0.07579486 -0.00741341  0.0670319  -0.00876296],0.5107774,0.99931884
[ 0.05658548 -0.01044642  0.04444117 -0.01214431  0.0305852  -0.01385596],0.62764305,0.9977616
[ 0.01518122 -0.01540398 -0.0017787  -0.01695992 -0.02029712 -0.01851842],0.24080595,0.9926559
[-0.04094971 -0.02065258 -0.06372224 -0.02277253 -0.08858802 -0.02486578],0.80345094,0.9686332
[-0.11466085 -0.02607283 -0.14188206 -0.02722121 -0.17017502 -0.02829296],0.9528842,0.91969275
[-0.19921987 -0.02904485 -0.22890204 -0.02968216 -0.25908822 -0.03018618],1.0,0.89143014
[-0.28955649 -0.03046827 -0.32013937 -0.03058288 -0.35065519 -0.03051582],1.0,0.9106488
[-0.38091068 -0.03025548 -0.41070394 -0.02979326 -0.43982782 -0.02912388],1.0,0.95407236
[-0.46807338 -0.02824557 -0.49523347 -0.02716008 -0.52110603 -0.02587257],0.9529809,0.9849855
[-0.54556783 -0.02446179 -0.5684355  -0.02286767 -0.58953843 -0.02110294],0.87485975,0.99646294
[-0.60883775 -0.01929932 -0.62619244 -0.01735468 -0.64147747 -0.01528503],0.815485,0.9992933
[-0.65467349 -0.01319603 -0.66568837 -0.01101488 -0.67444633 -0.00875796],0.49217498,0.99986553
[-0.68137289 -0.00692656 -0.68642158 -0.00504868 -0.68955882 -0.00313724],0.23817432,0.9999678
"[-6.91144881e-01 -1.58606588e-03 -6.91169338e-01 -2.44563806e-05
 -6.89632024e-01  1.53731385e-03]",0.2288373,0.9999895
[-0.68655706  0.00307496 -0.68196476  0.0045923  -0.67588564  0.00607912],0.3554482,0.99999595
[-0.66817052  0.00771512 -0.65887161  0.00929891 -0.6480526   0.01081901],0.6327595,0.99999833
[-0.63537258  0.01268002 -0.62092074  0.01445184 -0.60480018  0.01612057],1.0,0.9999993
[-0.58657661  0.01822357 -0.56638351  0.0201931  -0.5443704   0.0220131 ],1.0,0.99999976
[-0.52070161  0.02366879 -0.49555455  0.02514706 -0.46911757  0.02643698],1.0,1.0
[-0.44158739  0.02753019 -0.4131661   0.02842129 -0.38405799  0.02910811],1.0,1.0
[-0.35446613  0.02959186 -0.32458904  0.02987709 -0.29461741  0.02997162],1.0,1.0
[-0.26473123  0.02988618 -0.2350972   0.02963403 -0.20586673  0.02923047],0.71098053,1.0
[-0.17760796  0.02825877 -0.15043616  0.0271718  -0.12444759  0.02598858],1.0,0.99999976
[-0.09928679  0.02516079 -0.07501592  0.02427088 -0.051682    0.02333392],1.0,0.99999976
[-0.02931809  0.02236391 -0.00794452  0.02137357  0.01242976  0.02037428],1.0,0.9999995
[0.03180578 0.01937602 0.05019317 0.01838739 0.06760885 0.01741568],1.0,0.9999988
[0.08407578 0.01646693 0.09962181 0.01554603 0.11427866 0.01465685],1.0,0.9999976
[0.128081   0.01380234 0.14106563 0.01298463 0.15327081 0.01220518],0.6363074,0.99999547
[0.16419011 0.0109193  0.17386108 0.00967096 0.18231892 0.00845785],0.6299479,0.9999888
[0.18958641 0.00726749 0.1956924  0.00610599 0.2006619  0.0049695 ],0.94659835,0.99997234
[0.20499076 0.00432887 0.20869755 0.00370679 0.21179843 0.00310088],1.0,0.99994993
[0.21438722 0.00258879 0.2164755  0.00208828 0.2180727  0.0015972 ],1.0,0.99992466
"[2.19186088e-01 1.11339034e-03 2.19820761e-01 6.34672980e-04
 2.19979629e-01 1.58868476e-04]",0.84714425,0.9998915
[ 0.21943414 -0.00054549  0.21818179 -0.00125235  0.21621684 -0.00196495],0.57141405,0.9998257
[ 0.21311676 -0.00310008  0.2088676  -0.00424916  0.20345049 -0.0054171 ],0.49044746,0.9996296
[ 0.19672044 -0.00673005  0.18864894 -0.00807151  0.1792029  -0.00944604],0.50948006,0.9990418
[ 0.16837374 -0.01082916  0.15612102 -0.01225273  0.14240174 -0.01371928],0.5719055,0.99731064
[ 0.127265   -0.01513674  0.11066613 -0.01659887  0.09256163 -0.0181045 ],1.0,0.99224746
[ 0.07355291 -0.01900873  0.05360479 -0.01994811  0.03268894 -0.02091585],1.0,0.9835081
[ 0.0107851  -0.02190384 -0.01211744 -0.02290253 -0.03601832 -0.02390088],1.0,0.96862185
[-0.06090462 -0.0248863  -0.08674931 -0.02584469 -0.11350981 -0.0267605 ],1.0,0.9433234
[-0.14112676 -0.02761695 -0.16952297 -0.02839621 -0.19860279 -0.02907982],1.0,0.9173968
[-0.22825185 -0.02964905 -0.25833734 -0.03008549 -0.28870886 -0.03037152],1.0,0.91465306
[-0.31919983 -0.03049098 -0.34962952 -0.03042969 -0.37980555 -0.03017603],1.0,0.94224036
[-0.40952688 -0.02972134 -0.43858716 -0.02906027 -0.46677813 -0.02819097],1.0,0.97518766
[-0.4938932  -0.02711507 -0.51973076 -0.02583756 -0.54409733 -0.02436657],0.75867766,0.9929731
[-0.56717225 -0.02307491 -0.58878327 -0.02161103 -0.60877051 -0.01998724],0.95469576,0.99825656
[-0.62669384 -0.01792333 -0.64242419 -0.01573034 -0.65585005 -0.01342587],0.79276043,0.99966836
[-0.66712071 -0.01127066 -0.67615877 -0.00903806 -0.68290301 -0.00674424],1.0,0.9999378
[-0.68699744 -0.00409443 -0.68841487 -0.00141743 -0.68714594  0.00126893],0.69949037,0.99998903
[-0.68364979  0.00349615 -0.67794962  0.00570017 -0.67008351  0.00786611],1.0,0.9999974
[-0.65965378  0.01042972 -0.64673174  0.01292204 -0.63140706  0.01532468],1.0,0.9999993
[-0.61378785  0.01761922 -0.59400044  0.01978741 -0.57218893  0.02181151],0.541182,0.99999976
[-0.54920251  0.02298642 -0.52521249  0.02399003 -0.50039858  0.0248139 ],1.0,1.0
[-0.47425854  0.02614004 -0.4469872   0.02727134 -0.4187854   0.0282018 ],1.0,1.0
[-0.38985681  0.02892859 -0.36040458  0.02945222 -0.33062801  0.02977658],1.0,1.0
[-0.30071921  0.02990879 -0.27086022  0.029859   -0.24122029  0.02963993],1.0,1.0
[-0.21195382  0.02926646 -0.18319876  0.02875506 -0.15507554  0.02812322],0.7232229,1.0
[-0.12810178  0.02697376 -0.10236083  0.02574094 -0.0779181   0.02444273],0.38872167,0.99999976
[-0.0553243   0.0225938  -0.03461306  0.02071124 -0.01580527  0.01880779],0.49948758,0.9999995
[0.00125456 0.01705983 0.01656364 0.01530908 0.03012504 0.0135614 ],0.6459996,0.99999785
[0.04216564 0.0120406  0.05269521 0.01052957 0.06172496 0.00902975],1.0,0.9999931
[0.06979744 0.00807249 0.07692454 0.00712709 0.0831179  0.00619337],0.28819346,0.99998355
[0.08732088 0.00420298 0.08954144 0.00222056 0.08978395 0.00024251],0.7086588,0.99994206
[ 0.08867959 -0.00110436  0.08622616 -0.00245342  0.08241891 -0.00380726],0.5828142,0.9998176
[ 0.0770619  -0.00535701  0.07014563 -0.00691627  0.06165873 -0.0084869 ],0.82071245,0.9994472
[ 0.05194554 -0.00971318  0.04099372 -0.01095182  0.02879185 -0.01220187],1.0,0.998541
[ 0.0155993  -0.01319255  0.00140949 -0.01418981 -0.0137803  -0.01518979],1.0,0.99688876
[-0.02996796 -0.01618765 -0.04714551 -0.01717756 -0.06529811 -0.01815259],0.8898533,0.99377716
[-0.08456811 -0.01927    -0.1049233  -0.02035519 -0.12632088 -0.02139758],0.5635228,0.98729455
[-0.1491958  -0.02287492 -0.17347917 -0.02428337 -0.19908626 -0.02560709],0.47194082,0.97068226
[-0.22605264 -0.02696638 -0.25425793 -0.02820529 -0.28356262 -0.02930469],0.73092175,0.94204724
[-0.31341959 -0.02985697 -0.34365413 -0.03023454 -0.37407726 -0.03042314],0.5416151,0.93871486
[-0.40477216 -0.0306949  -0.43552707 -0.03075492 -0.46612245 -0.03059537],0.4720598,0.9579587
[-0.49643867 -0.03031622 -0.52625028 -0.02981161 -0.55533391 -0.02908363],0.7770975,0.98055685
[-0.58301424 -0.02768033 -0.60908567 -0.02607143 -0.6333573  -0.02427163],0.89533347,0.9952285
[-0.65547754 -0.02212024 -0.67529129 -0.01981375 -0.69266321 -0.01737192],0.85652846,0.9992311
[-0.70753602 -0.01487281 -0.71981347 -0.01227744 -0.72941803 -0.00960457],1.0,0.99988747
"[-7.36075188e-01 -6.65715513e-03 -7.39744514e-01 -3.66932645e-03
 -7.40403987e-01 -6.59472550e-04]",1.0,0.999984
[-0.73804967  0.00235432 -0.73269564  0.00535402 -0.72437424  0.00832141],1.0,0.9999976
[-0.71313643  0.01123781 -0.69905246  0.01408397 -0.68221251  0.01683994],0.99909705,0.9999995
[-0.66272871  0.01948381 -0.64073282  0.02199589 -0.61637774  0.02435507],0.803358,0.99999976
[-0.59013074  0.026247   -0.56218302  0.02794772 -0.53274152  0.0294415 ],1.0,1.0
[-0.50173146  0.03101006 -0.46938529  0.03234617 -0.43594393  0.03344136],1.0,1.0
[-0.40165244  0.0342915  -0.36675527  0.03489717 -0.3314915   0.03526377],0.8436071,1.0
[-0.29632468  0.03516682 -0.26146797  0.03485671 -0.22711538  0.0343526 ],0.7546682,1.0
[-0.19357259  0.03354278 -0.16098798  0.03258461 -0.12948542  0.03150256],0.5483403,1.0
[-0.09947409  0.03001133 -0.07102975  0.02844434 -0.04420635  0.02682339],0.58604866,1.0
[-0.01898193  0.02522442  0.00462561  0.02360755  0.02661247  0.02198686],0.31856403,0.99999976
[0.04658514 0.01997267 0.06456003 0.01797489 0.08055951 0.01599948],0.6213444,0.9999988
[0.09506366 0.01450415 0.10810081 0.01303715 0.11970029 0.01159948],0.9857385,0.9999962
[0.13043785 0.01073756 0.14034299 0.00990514 0.14944507 0.00910208],0.9914438,0.99999166
[0.15778139 0.00833632 0.16537975 0.00759836 0.17226671 0.00688696],1.0,0.9999852
[0.17848016 0.00621345 0.1840435  0.00556334 0.18897831 0.00493482],1.0,0.9999752
[0.19330425 0.00432594 0.19703891 0.00373466 0.20019778 0.00315887],1.0,0.9999609
[0.20279414 0.00259636 0.20483907 0.00204493 0.20634137 0.0015023 ],1.0,0.99994016
"[ 2.07307562e-01  9.66187929e-04  2.07741851e-01  4.34288417e-04
  2.07646139e-01 -9.57117504e-05]",1.0,0.99991035
[ 0.20702001 -0.00062613  0.20586072 -0.00115929  0.20416323 -0.00169749],0.7695348,0.9998667
[ 0.2015745  -0.00258873  0.19808342 -0.00349108  0.19367522 -0.0044082 ],0.857261,0.9997599
[ 0.18846316 -0.00521206  0.18242605 -0.00603712  0.17553996 -0.00688609],0.9515924,0.9995512
[ 0.16791999 -0.00761997  0.15953797 -0.00838202  0.15036425 -0.00917372],0.86828256,0.9992074
[ 0.14024303 -0.01012122  0.12914225 -0.01110078  0.11702919 -0.01211306],0.60342526,0.99844956
[ 0.10347377 -0.01355542  0.08844297 -0.0150308   0.0719048  -0.01653817],0.7021502,0.9958074
[ 0.05397779 -0.01792701  0.03463671 -0.01934108  0.01386235 -0.02077437],0.68866867,0.98773587
[-0.00837686 -0.0222392  -0.03208227 -0.02370541 -0.0572431  -0.02516084],1.0,0.9639802
