State,Action,Action wo Noise
[-0.47832706  0.         -0.47832706  0.         -0.47832706  0.        ],1.0,1.0
[-0.47716556  0.00116151 -0.47485118  0.00231438 -0.4714011   0.00345008],1.0,1.0
[-0.46684091  0.00456019 -0.46120435  0.00563656 -0.45453302  0.00667133],1.0,1.0
[-0.44687598  0.00765704 -0.4382893   0.00858668 -0.42883547  0.00945382],1.0,1.0
[-0.41858284  0.01025263 -0.40760486  0.01097798 -0.39597939  0.01162548],1.0,1.0
[-0.38378784  0.01219154 -0.37111441  0.01267344 -0.35804513  0.01306927],1.0,1.0
[-0.34466709  0.01337804 -0.33106751  0.01359958 -0.31733295  0.01373456],1.0,1.0
[-0.30354853  0.01378442 -0.2897972   0.01375133 -0.2761591   0.0136381 ],1.0,1.0
[-0.262711    0.0134481  -0.24952582  0.01318518 -0.23667229  0.01285353],1.0,1.0
[-0.22421463  0.01245766 -0.21221242  0.01200221 -0.20072046  0.01149196],1.0,1.0
[-0.18978877  0.01093168 -0.1794627   0.01032607 -0.16978297  0.00967973],1.0,1.0
[-0.16078589  0.00899708 -0.15250357  0.00828232 -0.14496414  0.00753943],1.0,1.0
[-0.13819199  0.00677214 -0.13220807  0.00598393 -0.12703007  0.005178  ],1.0,1.0
[-0.12267272  0.00435735 -0.11914798  0.00352474 -0.11646522  0.00268276],1.0,1.0
[-0.11463141  0.00183381 -0.11365122  0.00098019 -0.11352712  0.0001241 ],1.0,1.0
[-0.11425943 -0.0007323  -0.11584629 -0.00158687 -0.11828369 -0.0024374 ],1.0,1.0
[-0.12156534 -0.00328165 -0.12568256 -0.00411723 -0.13062418 -0.00494162],1.0,1.0
[-0.13637628 -0.0057521  -0.14292206 -0.00654577 -0.15024153 -0.00731947],1.0,1.0
[-0.15831133 -0.0080698  -0.16710444 -0.00879311 -0.17658993 -0.00948549],1.0,1.0
[-0.18673273 -0.0101428  -0.1974934  -0.01076067 -0.20882797 -0.01133457],1.0,1.0
[-0.22068777 -0.0118598  -0.23301938 -0.01233162 -0.24576462 -0.01274524],1.0,1.0
[-0.25886059 -0.01309596 -0.27223984 -0.01337925 -0.28583062 -0.01359079],1.0,1.0
[-0.29955725 -0.01372663 -0.3133405  -0.01378325 -0.32709818 -0.01375768],1.0,1.0
[-0.34074573 -0.01364755 -0.35419692 -0.01345119 -0.36736464 -0.01316772],1.0,1.0
[-0.38016168 -0.01279704 -0.39250161 -0.01233993 -0.40429961 -0.011798  ],1.0,1.0
[-0.41547338 -0.01117377 -0.42594394 -0.01047056 -0.43563648 -0.00969254],1.0,1.0
[-0.44448111 -0.00884463 -0.45241356 -0.00793245 -0.45937585 -0.00696229],1.0,1.0
[-0.46531685 -0.00594099 -0.47019273 -0.00487588 -0.47396744 -0.00377472],1.0,1.0
"[-4.76613020e-01 -2.64557700e-03 -4.78109824e-01 -1.49680438e-03
 -4.78446738e-01 -3.36913567e-04]",1.0,1.0
[-0.47762126  0.00082548 -0.47563952  0.00198174 -0.47251623  0.00312329],1.0,1.0
[-0.46827456  0.00424167 -0.46294593  0.00532864 -0.45656968  0.00637625],1.0,1.0
[-0.44919277  0.00737691 -0.44086928  0.00832349 -0.43165992  0.00920937],1.0,1.0
[-0.42163138  0.01002853 -0.41085573  0.01077565 -0.39940963  0.01144611],1.0,1.0
[-0.38737354  0.01203609 -0.37483094  0.0125426  -0.36186742  0.01296352],1.0,1.0
[-0.34856985  0.01329757 -0.33502551  0.01354435 -0.32132122  0.01370429],1.0,1.0
[-0.30754261  0.01377862 -0.29377331  0.0137693  -0.28009434  0.01367896],1.0,1.0
[-0.26658351  0.01351083 -0.25331489  0.01326862 -0.24035846  0.01295643],1.0,1.0
[-0.22777976  0.01257869 -0.21563974  0.01214002 -0.20399458  0.01164516],1.0,1.0
[-0.19289569  0.01109889 -0.18238976  0.01050593 -0.17251883  0.00987093],1.0,1.0
[-0.16332047  0.00919835 -0.154828    0.00849248 -0.14707065  0.00775734],1.0,1.0
[-0.1400739   0.00699676 -0.13385963  0.00621426 -0.12844649  0.00541315],1.0,1.0
[-0.12385001  0.00459647 -0.12008296  0.00376706 -0.11715542  0.00292753],1.0,1.0
[-0.11507506  0.00208036 -0.1138472   0.00122786 -0.11347493  0.00037227],1.0,1.0
[-0.1139592  -0.00048427 -0.11529878 -0.00133958 -0.1174903  -0.00219151],1.0,1.0
[-0.12052812 -0.00303782 -0.12440428 -0.00387616 -0.12910835 -0.00470407],1.0,1.0
[-0.13462722 -0.00551887 -0.14094495 -0.00631773 -0.1480425  -0.00709755],1.0,1.0
[-0.15589752 -0.00785502 -0.16448406 -0.00858654 -0.17377236 -0.0092883 ],1.0,1.0
[-0.18372858 -0.00995621 -0.19431455 -0.01058597 -0.20548763 -0.01117309],1.0,1.0
[-0.21720054 -0.01171291 -0.22940123 -0.01220069 -0.2420329  -0.01263166],1.0,1.0
[-0.25503398 -0.01300109 -0.26833835 -0.01330437 -0.28187547 -0.01353712],1.0,1.0
[-0.29557075 -0.01369528 -0.30934593 -0.01377518 -0.32311963 -0.0137737 ],1.0,1.0
[-0.3368079  -0.01368827 -0.35032492 -0.01351702 -0.36358376 -0.01325884],1.0,1.0
[-0.37649714 -0.01291338 -0.38897832 -0.01248118 -0.40094194 -0.01196361],1.0,1.0
[-0.41230486 -0.01136292 -0.42298706 -0.0106822  -0.43291245 -0.00992538],1.0,1.0
[-0.44200962 -0.00909717 -0.45021262 -0.008203   -0.45746158 -0.00724896],1.0,1.0
[-0.46370332 -0.00624174 -0.46889186 -0.00518854 -0.47298887 -0.00409701],1.0,1.0
[-0.47596399 -0.00297512 -0.47779516 -0.00183117 -0.47846878 -0.00067362],1.0,1.0
[-0.47797984  0.00048894 -0.47633197  0.00164787 -0.47353742  0.00279455],1.0,1.0
[-0.46961692  0.0039205  -0.46459951  0.00501741 -0.45852229  0.00607722],1.0,1.0
[-0.45143006  0.00709224 -0.44337486  0.00805519 -0.43441556  0.0089593 ],1.0,1.0
[-0.42461718  0.00979838 -0.4140503   0.01056688 -0.40279032  0.01125998],1.0,1.0
[-0.3909167   0.01187362 -0.37851212  0.01240458 -0.36566166  0.01285046],1.0,1.0
[-0.35245191  0.01320976 -0.33897009  0.01348181 -0.32530327  0.01366682],1.0,1.0
[-0.31153748  0.01376579 -0.29775702  0.01378046 -0.28404372  0.01371329],1.0,1.0
[-0.27047638  0.01356734 -0.25713019  0.01334619 -0.24407636  0.01305383],1.0,1.0
[-0.23138175  0.01269462 -0.21910863  0.01227311 -0.20731459  0.01179404],1.0,1.0
[-0.19605242  0.01126217 -0.18537015  0.01068226 -0.17531118  0.01005898],1.0,1.0
[-0.16591434  0.00939684 -0.15721416  0.00870018 -0.14924104  0.00797312],1.0,1.0
[-0.14202151  0.00721953 -0.13557847  0.00644304 -0.12993148  0.00564699],1.0,1.0
[-0.12509695  0.00483452 -0.12108843  0.00400852 -0.11791676  0.00317167],1.0,1.0
[-0.11559029  0.00232647 -0.11411501  0.00147528 -0.11349466  0.00062036],1.0,1.0
[-0.11373079 -0.00023613 -0.1148228  -0.00109202 -0.11676796 -0.00194516],1.0,1.0
[-0.11956129 -0.00279333 -0.12319551 -0.00363423 -0.12766093 -0.00446542],1.0,1.0
[-0.13294524 -0.0052843  -0.13903332 -0.00608809 -0.14590708 -0.00687376],1.0,1.0
[-0.15354514 -0.00763806 -0.16192262 -0.00837748 -0.1710109  -0.00908827],1.0,1.0
[-0.18077732 -0.00976642 -0.19118501 -0.01040769 -0.20219265 -0.01100764],1.0,1.0
[-0.21375429 -0.01156165 -0.22581929 -0.012065   -0.23833221 -0.01251292],1.0,1.0
[-0.25123287 -0.01290066 -0.26445643 -0.01322356 -0.27793362 -0.01347718],1.0,1.0
[-0.29159097 -0.01365735 -0.30535124 -0.01376028 -0.31913391 -0.01378267],1.0,1.0
[-0.33285569 -0.01372178 -0.34643124 -0.01357555 -0.35977387 -0.01334262],1.0,1.0
[-0.37279631 -0.01302244 -0.38541158 -0.01261527 -0.39753382 -0.01212224],1.0,1.0
[-0.40907917 -0.01154535 -0.41996662 -0.01088745 -0.43011885 -0.01015223],1.0,1.0
[-0.43946303 -0.00934418 -0.44793154 -0.00846852 -0.4554627  -0.00753116],1.0,1.0
[-0.46200133 -0.00653863 -0.46749931 -0.00549798 -0.47191606 -0.00441675],1.0,1.0
[-0.47521888 -0.00330282 -0.47738327 -0.00216439 -0.47839317 -0.0010099 ],1.0,1.0
"[-4.78241073e-01  1.52096648e-04 -4.76928110e-01  1.31296270e-03
 -4.74464035e-01  2.46407522e-03]",1.0,1.0
[-0.47086714  0.0035969  -0.46616408  0.00470306 -0.46038965  0.00577443],1.0,1.0
[-0.45358646  0.00680319 -0.44580451  0.00778195 -0.43710073  0.00870378],1.0,1.0
[-0.42753843  0.0095623  -0.41718665  0.01035178 -0.40611948  0.01106717],1.0,1.0
[-0.39441527  0.01170421 -0.38215587  0.0122594  -0.36942574  0.01273013],1.0,1.0
[-0.35631112  0.01311462 -0.34289915  0.01341197 -0.32927702  0.01362213],1.0,1.0
[-0.31553114  0.01374588 -0.30174639  0.01378475 -0.28800538  0.01374101],1.0,1.0
[-0.27438784  0.01361754 -0.26097007  0.01341777 -0.24782446  0.01314561],1.0,1.0
[-0.23501915  0.01280531 -0.22261777  0.01240137 -0.21067928  0.01193849],1.0,1.0
[-0.19925785  0.01142143 -0.1884029   0.01085495 -0.17815914  0.01024376],1.0,1.0
[-0.16856672  0.00959242 -0.15966139  0.00890533 -0.15147471  0.00818667],1.0,1.0
[-0.14403432  0.00744039 -0.13736415  0.00667017 -0.13148469  0.00587946],1.0,1.0
[-0.12641325  0.00507144 -0.12216417  0.00424908 -0.11874907  0.0034151 ],1.0,1.0
[-0.116177    0.00257207 -0.11445461  0.00172238 -0.1135863   0.00086831],1.0,1.0
"[-1.13574237e-01  1.20614165e-05 -1.14418459e-01 -8.44222095e-04
 -1.16116841e-01 -1.69838221e-03]",1.0,1.0
[-0.11866507 -0.00254822 -0.12205654 -0.00339148 -0.12628228 -0.00422574],1.0,1.0
[-0.13133075 -0.00504847 -0.13718768 -0.00585693 -0.14383585 -0.00664817],1.0,1.0
[-0.15125486 -0.00741901 -0.15942088 -0.00816602 -0.16830638 -0.00888551],1.0,1.0
[-0.17787993 -0.00957354 -0.18810587 -0.01022595 -0.1989442  -0.01083833],1.0,1.0
[-0.21035033 -0.01140613 -0.22227498 -0.01192465 -0.2346641  -0.01238912],1.0,1.0
[-0.24745889 -0.01279478 -0.26059583 -0.01313694 -0.27400691 -0.01341108],1.0,1.0
[-0.28761985 -0.01361294 -0.30135846 -0.01373861 -0.31514309 -0.01378464],1.0,1.0
[-0.32889122 -0.01374813 -0.34251801 -0.01362679 -0.35593709 -0.01341908],1.0,1.0
[-0.36906128 -0.01312419 -0.38180342 -0.01274214 -0.39407725 -0.01227382],1.0,1.0
[-0.40579822 -0.01172098 -0.41688443 -0.0110862  -0.42725739 -0.01037296],1.0,1.0
[-0.43684289 -0.0095855  -0.44557174 -0.00872885 -0.45338046 -0.00780872],1.0,1.0
[-0.46021193 -0.00683147 -0.46601595 -0.00580402 -0.47074969 -0.00473374],1.0,1.0
[-0.47437814 -0.00362845 -0.47687441 -0.00249627 -0.47821996 -0.00134555],1.0,1.0
"[-4.78404802e-01 -1.84842963e-04 -4.77427562e-01  9.77239748e-04
 -4.75295500e-01  2.13206189e-03]",1.0,1.0
[-0.47202445  0.00327105 -0.46763866  0.00438579 -0.4621706   0.00546806],1.0,1.0
[-0.45566065  0.00650995 -0.44815672  0.00750393 -0.43971379  0.00844293],1.0,1.0
[-0.43039337  0.00932042 -0.42026292  0.01013045 -0.40939514  0.01086779],1.0,1.0
[-0.39786722  0.01152792 -0.38576009  0.01210713 -0.37315753  0.01260255],1.0,1.0
[-0.36014537  0.01301216 -0.34681057  0.0133348  -0.33324039  0.01357018],1.0,1.0
[-0.31952155  0.01371884 -0.30573945  0.0137821  -0.29197742  0.01376202],1.0,1.0
[-0.2783161   0.01366132 -0.26483282  0.01348328 -0.25160114  0.01323167],1.0,1.0
[-0.23869048  0.01291066 -0.2261658   0.01252468 -0.21408741  0.01207839],1.0,1.0
[-0.20251087  0.01157654 -0.19148699  0.01102389 -0.18106181  0.01042517],1.0,1.0
[-0.1712768   0.00978501 -0.16216897  0.00910784 -0.15377106  0.00839791],1.0,1.0
[-0.14611182  0.00765924 -0.13921623  0.00689559 -0.13310576  0.00611048],1.0,1.0
[-0.1277986   0.00530716 -0.12330994  0.00448866 -0.11965216  0.00365778],1.0,1.0
[-0.11683504  0.00281712 -0.11486592  0.00196912 -0.11374983  0.00111609],1.0,1.0
[-0.11348959  0.00026025 -0.11408583 -0.00059625 -0.11553708 -0.00145125],1.0,1.0
[-0.11783965 -0.00230257 -0.12098762 -0.00314797 -0.12497271 -0.00398509],1.0,1.0
[-0.12978415 -0.00481144 -0.13540847 -0.00562432 -0.14182934 -0.00642087],1.0,1.0
[-0.14902731 -0.00719796 -0.15697956 -0.00795225 -0.16565966 -0.0086801 ],1.0,1.0
[-0.17503733 -0.00937767 -0.18507817 -0.01004084 -0.19574345 -0.01066528],1.0,1.0
[-0.20698993 -0.01124648 -0.21876969 -0.01177976 -0.23103008 -0.01226039],1.0,1.0
[-0.24371366 -0.01268358 -0.25675827 -0.01304461 -0.27009718 -0.01333891],1.0,1.0
[-0.28365931 -0.01356213 -0.29736955 -0.01371025 -0.31114923 -0.01377968],1.0,1.0
[-0.32491657 -0.01376734 -0.33858735 -0.01367078 -0.35207557 -0.01348821],1.0,1.0
[-0.36529418 -0.01321861 -0.37815595 -0.01286177 -0.39057425 -0.0124183 ],1.0,1.0
[-0.40246397 -0.01188972 -0.41374233 -0.01127836 -0.42432978 -0.01058745],1.0,1.0
[-0.4341508  -0.00982101 -0.44313465 -0.00898385 -0.45121614 -0.00808149],1.0,1.0
[-0.45833624 -0.0071201  -0.46444269 -0.00610645 -0.46949048 -0.00504779],1.0,1.0
[-0.47344231 -0.00395183 -0.47626889 -0.00282658 -0.47794925 -0.00168036],1.0,1.0
[-0.47847092 -0.00052167 -0.47783001  0.00064091 -0.4760313   0.00179872],1.0,1.0
[-0.47308812  0.00294317 -0.46902233  0.00406579 -0.46386404  0.00515829],1.0,1.0
[-0.45765136  0.00621268 -0.45043007  0.00722129 -0.44225315  0.00817692],1.0,1.0
[-0.43318028  0.00907287 -0.42327726  0.00990301 -0.41261535  0.01066191],1.0,1.0
[-0.40127052  0.01134483 -0.3893227   0.01194782 -0.37685493  0.01246777],1.0,1.0
[-0.36395254  0.0129024  -0.35070223  0.0132503  -0.33719129  0.01351095],1.0,1.0
[-0.32350666  0.01368463 -0.30973421  0.01377245 -0.29595794  0.01377627],1.0,1.0
[-0.28225933  0.01369861 -0.26871672  0.01354261 -0.25540481  0.01331191],1.0,1.0
[-0.24239425  0.01301055 -0.22975133  0.01264293 -0.2175377   0.01221363],1.0,1.0
[-0.20581032  0.01172738 -0.19462136  0.01118896 -0.18401825  0.01060311],1.0,1.0
[-0.17404376  0.00997449 -0.16473617  0.00930759 -0.15612944  0.00860673],1.0,1.0
[-0.14825345  0.00787599 -0.14113424  0.0071192  -0.13479428  0.00633996],1.0,1.0
[-0.12925268  0.0055416  -0.12452547  0.0047272  -0.12062584  0.00389963],1.0,1.0
[-0.11756429  0.00306155 -0.11534886  0.00221543 -0.11398523  0.00136363],1.0,1.0
[-0.11347685  0.00050838 -0.113825   -0.00034815 -0.1150288  -0.0012038 ],1.0,1.0
[-0.11708522 -0.00205642 -0.11998899 -0.00290377 -0.12373253 -0.00374354],1.0,1.0
[-0.12830581 -0.00457328 -0.13369616 -0.00539035 -0.1398881  -0.00619194],1.0,1.0
[-0.1468631  -0.00697501 -0.15459936 -0.00773626 -0.16307152 -0.00847216],1.0,1.0
[-0.17225043 -0.00917891 -0.18210292 -0.00985248 -0.19259152 -0.0104886 ],1.0,1.0
[-0.20367433 -0.01108281 -0.21530478 -0.01163046 -0.22743162 -0.01212683],1.0,1.0
[-0.23999877 -0.01256715 -0.25294544 -0.01294667 -0.26620621 -0.01326077],1.0,1.0
[-0.27971122 -0.01350501 -0.2933865  -0.01367528 -0.30715434 -0.01376785],1.0,1.0
[-0.32093383 -0.01377949 -0.33464138 -0.01370754 -0.34819141 -0.01355003],1.0,1.0
[-0.36149712 -0.01330571 -0.37447124 -0.01297412 -0.38702687 -0.01255563],1.0,1.0
[-0.39907837 -0.01205151 -0.41054221 -0.01146384 -0.42133781 -0.0107956 ],1.0,1.0
[-0.43138839 -0.01005058 -0.44062177 -0.00923337 -0.44897106 -0.00834929],1.0,1.0
[-0.4563754  -0.00740434 -0.4627805  -0.0064051  -0.46813921 -0.00535871],1.0,1.0
[-0.47241196 -0.00427274 -0.47556709 -0.00315514 -0.47758122 -0.00201413],1.0,1.0
"[-4.78439389e-01 -8.58165790e-04 -4.78135215e-01  3.04173948e-04
 -4.76670962e-01  1.46425343e-03]",1.0,1.0
[-0.47405751  0.00261346 -0.47031424  0.00374326 -0.46546891  0.00484533],1.0,1.0
[-0.45955735  0.00591156 -0.45262315  0.0069342  -0.44471726  0.0079059 ],1.0,1.0
[-0.43589746  0.00881979 -0.42622787  0.00966959 -0.41577822  0.01044965],1.0,1.0
[-0.40462319  0.01115503 -0.39284165  0.01178154 -0.38051584  0.01232582],1.0,1.0
[-0.36773049  0.01278535 -0.35457202  0.01315847 -0.34112761  0.0134444 ],1.0,1.0
[-0.32748441  0.0136432  -0.31372867  0.01375574 -0.299945    0.01378367],1.0,1.0
[-0.28621567  0.01372932 -0.27262001  0.01359567 -0.2592338   0.01338621],1.0,1.0
[-0.24612892  0.01310489 -0.23337292  0.012756   -0.22102884  0.01234408],1.0,1.0
[-0.20915499  0.01187384 -0.19780495  0.01135005 -0.18702749  0.01077746],1.0,1.0
[-0.17686673  0.01016076 -0.16736223  0.0095045  -0.15854919  0.00881305],1.0,1.0
[-0.15045863  0.00809056 -0.14311769  0.00734094 -0.13654984  0.00656785],1.0,1.0
[-0.13077514  0.0057747  -0.1258105   0.00496464 -0.12166989  0.00414061],1.0,1.0
[-0.11836459  0.00330531 -0.11590332  0.00246127 -0.11429243  0.00161088],1.0,1.0
"[-1.13536028e-01  7.56404426e-04 -1.13636003e-01 -9.99748309e-05
 -1.14592107e-01 -9.56103500e-04]",1.0,1.0
[-0.11640193 -0.00180982 -0.11906087 -0.00265894 -0.12256202 -0.00350115],1.0,1.0
[-0.12689607 -0.00433405 -0.13205115 -0.00515508 -0.13801261 -0.00596146],1.0,1.0
[-0.14476283 -0.00675022 -0.15228097 -0.00751814 -0.16054273 -0.00826177],1.0,1.0
[-0.16952011 -0.00897737 -0.17918109 -0.00966099 -0.1894895  -0.01030841],1.0,1.0
[-0.20040473 -0.01091523 -0.21188158 -0.01147685 -0.22387015 -0.01198857],1.0,1.0
[-0.23631577 -0.01244562 -0.24915901 -0.01284324 -0.26233577 -0.01317676],1.0,1.0
[-0.27577745 -0.01344168 -0.28941123 -0.01363378 -0.30316045 -0.01374922],1.0,1.0
[-0.31694506 -0.01378461 -0.33068218 -0.01373712 -0.34428674 -0.01360456],1.0,1.0
[-0.35767222 -0.01338547 -0.37075138 -0.01307916 -0.38343715 -0.01268577],1.0,1.0
[-0.39564343 -0.01220628 -0.40728597 -0.01164255 -0.41828327 -0.0109973 ],1.0,1.0
[-0.42855735 -0.01027409 -0.43803463 -0.00947728 -0.44664662 -0.00861199],1.0,1.0
[-0.45433063 -0.00768401 -0.46103043 -0.00669979 -0.46669673 -0.00566631],1.0,1.0
[-0.47128773 -0.004591   -0.47476946 -0.00348173 -0.4771161  -0.00234664],1.0,1.0
"[-4.78310226e-01 -1.19412877e-03 -4.78342975e-01 -3.27488466e-05
 -4.77214101e-01  1.12887443e-03]",1.0,1.0
[-0.47493199  0.00228211 -0.47151358  0.00341841 -0.46698423  0.00452935],1.0,1.0
[-0.46137745  0.00560678 -0.45473462  0.00664283 -0.4471046   0.00763001],1.0,1.0
[-0.43854327  0.00856133 -0.42911296  0.00943031 -0.41888184  0.01023112],1.0,1.0
[-0.40792324  0.0109586  -0.3963149   0.01160834 -0.38413816  0.01217674],1.0,1.0
[-0.37147712  0.01266104 -0.3584178   0.01305932 -0.34504726  0.01337054],1.0,1.0
[-0.33145273  0.01359453 -0.3177208   0.01373193 -0.30393663  0.01378416],1.0,1.0
[-0.29018326  0.01375337 -0.27654091  0.01364236 -0.26308644  0.01345447],1.0,1.0
[-0.24989289  0.01319354 -0.23702912  0.01286377 -0.22455948  0.01246964],1.0,1.0
[-0.21254367  0.01201581 -0.20103663  0.01150704 -0.19008853  0.0109481 ],1.0,1.0
[-0.17974482  0.01034371 -0.17004637  0.00969845 -0.16102961  0.00901676],1.0,1.0
[-0.15272676  0.00830285 -0.14516606  0.0075607  -0.13837201  0.00679405],1.0,1.0
[-0.13236563  0.00600638 -0.12716472  0.00520091 -0.12278408  0.00438064],1.0,1.0
[-0.11923575  0.00354833 -0.11652917  0.00270658 -0.11467138  0.00185779],1.0,1.0
[-0.11366711  0.00100427 -0.11351889  0.00014822 -0.1142271  -0.0007082 ],1.0,1.0
[-0.11578994 -0.00156285 -0.11820347 -0.00241352 -0.12146145 -0.00325798],1.0,1.0
[-0.12555528 -0.00409384 -0.13047386 -0.00491858 -0.13620336 -0.0057295 ],1.0,1.0
[-0.14272704 -0.00652368 -0.15002503 -0.00729799 -0.15807405 -0.00804902],1.0,1.0
[-0.16684719 -0.00877314 -0.17631365 -0.00946645 -0.18643845 -0.01012481],1.0,1.0
[-0.1971823  -0.01074385 -0.20850135 -0.01131905 -0.22034708 -0.01184572],1.0,1.0
[-0.23266618 -0.0123191  -0.24540061 -0.01273443 -0.2584876  -0.01308699],1.0,1.0
[-0.27185983 -0.01337223 -0.28544568 -0.01358585 -0.29916955 -0.01372387],1.0,1.0
[-0.31295232 -0.01378277 -0.32671187 -0.01375955 -0.34036369 -0.01365182],1.0,1.0
[-0.3538216  -0.01345791 -0.3669985  -0.0131769  -0.37980717 -0.01280867],1.0,1.0
[-0.39216114 -0.01235397 -0.40397554 -0.0118144  -0.41516798 -0.01119244],1.0,1.0
[-0.42565939 -0.01049141 -0.43537482 -0.00971543 -0.44424423 -0.00886941],1.0,1.0
[-0.4522032  -0.00795896 -0.45919355 -0.00699035 -0.46516393 -0.00597039],1.0,1.0
[-0.47007034 -0.00490641 -0.47387648 -0.00380615 -0.47655417 -0.00267768],1.0,1.0
"[-4.78083513e-01 -1.52934652e-03 -4.78453164e-01 -3.69651198e-04
 -4.77660373e-01  7.92790908e-04]",1.0,1.0
[-0.47571103  0.00194934 -0.47261961  0.00309142 -0.46840905  0.00421056],1.0,1.0
[-0.46311052  0.00529853 -0.45676317  0.00634735 -0.44941373  0.00734944],1.0,1.0
[-0.4411161   0.00829763 -0.43193079  0.00918531 -0.42192436  0.01000643],1.0,1.0
[-0.41116872  0.01075564 -0.39974041  0.01142831 -0.38771981  0.0120206 ],1.0,1.0
[-0.37519031  0.0125295  -0.36223746  0.01295285 -0.3489481   0.01328935],1.0,1.0
[-0.33540952  0.01353859 -0.32170855  0.01370096 -0.30793088  0.01377768],1.0,1.0
[-0.29416019  0.01377068 -0.2804776   0.01368259 -0.266961    0.0135166 ],1.0,1.0
[-0.25368459  0.01327642 -0.24071844  0.01296614 -0.22812825  0.01259019],1.0,1.0
[-0.21597509  0.01215317 -0.20431526  0.01165982 -0.19320033  0.01111493],1.0,1.0
[-0.18267711  0.01052323 -0.17278776  0.00988935 -0.16356999  0.00921777],1.0,1.0
[-0.15505722  0.00851277 -0.14727881  0.00777841 -0.14026031  0.00701849],1.0,1.0
[-0.13402375  0.00623657 -0.12858781  0.00543594 -0.12396816  0.00461966],1.0,1.0
[-0.12017759  0.00379056 -0.1172263   0.00295129 -0.115122    0.0021043 ],1.0,1.0
[-0.11387008  0.00125192 -0.11347369  0.00039638 -0.11393385 -0.00046015],1.0,1.0
[-0.11524938 -0.00131553 -0.11741697 -0.00216759 -0.12043106 -0.00301409],1.0,1.0
[-0.12428374 -0.00385269 -0.12896466 -0.00468092 -0.13446079 -0.00549613],1.0,1.0
[-0.14075627 -0.00629548 -0.14783215 -0.00707588 -0.15566618 -0.00783402],1.0,1.0
[-0.16423251 -0.00856633 -0.17350149 -0.00926898 -0.1834394  -0.0099379 ],1.0,1.0
[-0.1940082  -0.0105688  -0.20516538 -0.01115718 -0.21686377 -0.0116984 ],1.0,1.0
[-0.22905148 -0.01218771 -0.24167183 -0.01262035 -0.2546634  -0.01299157],1.0,1.0
[-0.26796017 -0.01329677 -0.28149174 -0.01353157 -0.29518361 -0.01369188],1.0,1.0
[-0.30895765 -0.01377403 -0.32273253 -0.01377488 -0.33642437 -0.01369184],1.0,1.0
[-0.3499474  -0.01352303 -0.3632147  -0.0132673  -0.37613901 -0.0129243 ],1.0,1.0
[-0.38863354 -0.01249453 -0.40061288 -0.01197934 -0.41199382 -0.01138095],1.0,1.0
[-0.42269626 -0.01070243 -0.43264395 -0.0099477  -0.44176538 -0.00912143],1.0,1.0
[-0.44999441 -0.00822903 -0.45727099 -0.00727659 -0.46354176 -0.00627077],1.0,1.0
[-0.46876053 -0.00521876 -0.47288872 -0.0041282  -0.47589578 -0.00300706],1.0,1.0
"[-4.77759391e-01 -1.86361000e-03 -4.78465714e-01 -7.06322808e-04
 -4.78009501e-01  4.56212558e-04]",1.0,1.0
[-0.47639414  0.00161536 -0.47363164  0.00276251 -0.46974248  0.00388915],1.0,1.0
[-0.4647555   0.00498699 -0.45870755  0.00604795 -0.45164321  0.00706433],1.0,1.0
[-0.44361436  0.00802885 -0.43467966  0.00893471 -0.42490396  0.00977569],1.0,1.0
[-0.41435771  0.01054625 -0.40311618  0.01124153 -0.39125872  0.01185746],1.0,1.0
[-0.37886794  0.01239078 -0.36602886  0.01283908 -0.35282803  0.01320083],1.0,1.0
[-0.33935268  0.01347535 -0.32568988  0.0136628  -0.31192572  0.01376416],1.0,1.0
[-0.29814454  0.01378118 -0.28442826  0.01371628 -0.27085576  0.0135725 ],1.0,1.0
[-0.25750235  0.01335341 -0.24443935  0.013063   -0.23173374  0.01270561],1.0,1.0
[-0.21944795  0.01228579 -0.20763967  0.01180828 -0.19636184  0.01127783],1.0,1.0
[-0.18566263  0.01069921 -0.17558555  0.01007708 -0.16616958  0.00941597],1.0,1.0
[-0.15744935  0.00872023 -0.14945537  0.00799398 -0.14221428  0.00724109],1.0,1.0
[-0.1357491   0.00646519 -0.13007945  0.00566965 -0.12522185  0.0048576 ],1.0,1.0
[-0.12118991  0.00403194 -0.11799455  0.00319536 -0.11564418  0.00235036],1.0,1.0
[-0.11414487  0.00149931 -0.11350041  0.00064446 -0.11371242 -0.00021201],1.0,1.0
[-0.11478036 -0.00106794 -0.11670155 -0.00192119 -0.11947108 -0.00276953],1.0,1.0
[-0.12308175 -0.00361067 -0.12752392 -0.00444217 -0.13278535 -0.00526144],1.0,1.0
[-0.13885104 -0.00606569 -0.14570295 -0.00685191 -0.15331981 -0.00761686],1.0,1.0
[-0.16167684 -0.00835703 -0.17074553 -0.00906869 -0.18049334 -0.00974781],1.0,1.0
[-0.19088352 -0.01039018 -0.20187486 -0.01099135 -0.21342158 -0.01154671],1.0,1.0
[-0.22547314 -0.01205156 -0.23797424 -0.01250111 -0.25086485 -0.0128906 ],1.0,1.0
[-0.26408025 -0.0132154  -0.27755128 -0.01347103 -0.29120459 -0.01365332],1.0,1.0
[-0.30496306 -0.01375847 -0.31874622 -0.01378316 -0.33247088 -0.01372466],1.0,1.0
[-0.34605173 -0.01358085 -0.35940211 -0.01335038 -0.37243475 -0.01303265],1.0,1.0
[-0.38506267 -0.01262792 -0.39719996 -0.01213728 -0.40876268 -0.01156272],1.0,1.0
[-0.41966973 -0.01090705 -0.42984369 -0.01017395 -0.43921157 -0.00936788],1.0,1.0
[-0.44770562 -0.00849405 -0.45526396 -0.00755834 -0.46183123 -0.00656727],1.0,1.0
[-0.46735911 -0.00552788 -0.47180679 -0.00444768 -0.47514135 -0.00333456],1.0,1.0
"[-4.77338062e-01 -2.19671088e-03 -4.78380616e-01 -1.04255355e-03
 -4.78261266e-01  1.19349435e-04]",1.0,1.0
[-0.4769809   0.00128037 -0.47454903  0.00243187 -0.47098371  0.00356532],1.0,1.0
[-0.46631136  0.00467235 -0.46056656  0.0057448  -0.45379168  0.00677487],1.0,1.0
[-0.44603654  0.00775514 -0.43735789  0.00867866 -0.42781884  0.00953904],1.0,1.0
[-0.41748831  0.01033054 -0.40644022  0.01104808 -0.39475285  0.01168737],1.0,1.0
[-0.38250794  0.01224491 -0.36978989  0.01271805 -0.35668491  0.01310498],1.0,1.0
[-0.34328012  0.01340479 -0.32966272  0.0136174  -0.31591915  0.01374356],1.0,1.0
[-0.30213435  0.0137848  -0.28839101  0.01374335 -0.27476893  0.01362207],1.0,1.0
[-0.26134452  0.01342441 -0.24819029  0.01315423 -0.23537451  0.01281578],1.0,1.0
[-0.22296093  0.01241358 -0.21100864  0.01195229 -0.19957195  0.01143669],1.0,1.0
[-0.18870042  0.01087154 -0.17843887  0.01026154 -0.1688276   0.00961127],1.0,1.0
[-0.15990247  0.00892513 -0.15169516  0.00820731 -0.14423341  0.00746175],1.0,1.0
[-0.13754126  0.00669216 -0.13163928  0.00590198 -0.12654487  0.00509441],1.0,1.0
[-0.12227246  0.00427241 -0.11883374  0.00343872 -0.11623783  0.00259591],1.0,1.0
"[-1.14491445e-01  1.74638140e-03 -1.13599039e-01  8.92405570e-04
 -1.13562855e-01  3.61842255e-05]",1.0,1.0
[-0.11438298 -0.00082013 -0.11605736 -0.00167438 -0.11858173 -0.00252437],1.0,1.0
[-0.12194957 -0.00336784 -0.12615196 -0.00420239 -0.13117745 -0.00502548],1.0,1.0
[-0.13701183 -0.00583438 -0.14363798 -0.00662615 -0.15103559 -0.00739761],1.0,1.0
[-0.15918094 -0.00814534 -0.16804659 -0.00886566 -0.17760123 -0.00955463],1.0,1.0
