State,Action,Action wo Noise
[-0.4736382  0.        -0.4736382  0.        -0.4736382  0.       ],1.0,0.9999671
[-0.4725115   0.0011267  -0.47026646  0.00224504 -0.46691971  0.00334675],1.0,0.9999809
[-0.462496    0.00442371 -0.45702801  0.005468   -0.45055598  0.00647203],1.0,0.99999046
[-0.4431274   0.00742858 -0.43479651  0.00833089 -0.42562378  0.00917272],1.0,0.99999475
[-0.41567534  0.00994845 -0.40502225  0.01065309 -0.39373985  0.0112824 ],1.0,0.99999666
[-0.38190694  0.01183291 -0.369605    0.01230194 -0.35691737  0.01268763],1.0,0.9999974
[-0.3439284   0.01298897 -0.33072265  0.01320575 -0.31738409  0.01333856],1.0,0.99999785
[-0.30399536  0.01338873 -0.29063707  0.01335829 -0.27738719  0.01324988],0.8195646,0.9999976
[-0.26459116  0.01279603 -0.25231869  0.01227248 -0.24063419  0.0116845 ],0.52186114,0.9999969
[-0.23004327  0.01059092 -0.22059748  0.0094458  -0.21234111  0.00825636],0.26506707,0.9999933
[-0.20569683  0.00664429 -0.20069386  0.00500297 -0.19735368  0.00334018],1.0,0.9999807
[-0.19458798  0.0027657  -0.19240827  0.00217971 -0.19082351  0.00158476],1.0,0.9999628
[-0.18984016  0.00098335 -0.18946221  0.00037795 -0.18969119 -0.00022898],1.0,0.9999428
[-0.19052617 -0.00083498 -0.19196377 -0.0014376  -0.19399813 -0.00203437],1.0,0.999912
[-0.19662092 -0.00262279 -0.19982125 -0.00320033 -0.20358568 -0.00376443],1.0,0.9998677
[-0.20789814 -0.00431246 -0.21273991 -0.00484178 -0.21808958 -0.00534967],0.84838295,0.9998081
[-0.22415041 -0.00606083 -0.23089441 -0.006744   -0.23828967 -0.00739526],0.9433184,0.99970555
[-0.2461579  -0.00786823 -0.2544599  -0.008302   -0.26315318 -0.00869328],0.8850449,0.99959576
[-0.27227946 -0.00912628 -0.2817895  -0.00951004 -0.29163061 -0.00984111],1.0,0.99949586
[-0.30157442 -0.00994381 -0.31156299 -0.00998857 -0.32153673 -0.00997374],1.0,0.9994863
[-0.33143481 -0.00989808 -0.34119561 -0.0097608  -0.35075717 -0.00956156],0.8361981,0.9995583
[-0.36030344 -0.00954627 -0.36977172 -0.00946828 -0.37909889 -0.00932717],0.839209,0.9996244
[-0.38821737 -0.00911848 -0.39706471 -0.00884734 -0.40557962 -0.00851491],0.8983652,0.99970627
[-0.41361375 -0.00803413 -0.42111033 -0.00749658 -0.42801597 -0.00690564],0.7499577,0.99980545
[-0.43450376 -0.00648779 -0.4405269  -0.00602314 -0.44604171 -0.00551481],1.0,0.99987125
[-0.45063297 -0.00459126 -0.45426711 -0.00363414 -0.4569175  -0.00265039],1.0,0.9999306
"[-4.58564663e-01 -1.64716760e-03 -4.59196498e-01 -6.31834934e-04
 -4.58808351e-01  3.88147462e-04]",1.0,0.9999659
[-0.45740308  0.00140527 -0.45499102  0.00241206 -0.45158989  0.00340113],0.902981,0.99998283
[-0.44737016  0.00421973 -0.44236271  0.00500745 -0.43660404  0.00575867],1.0,0.99999
[-0.42999045  0.00661359 -0.42256974  0.00742072 -0.41439519  0.00817455],0.8613125,0.9999938
[-0.40573313  0.00866206 -0.39664479  0.00908834 -0.38719378  0.00945101],0.7220878,0.99999547
[-0.37765436  0.00953942 -0.36809175  0.00956261 -0.35857047  0.00952128],0.8295673,0.9999957
[-0.3489926   0.00957787 -0.33942086  0.00957174 -0.32991688  0.00950398],0.98706406,0.99999547
[-0.32030455  0.00961233 -0.31064356  0.009661   -0.30099267  0.00965088],0.45866427,0.99999523
[-0.29220198  0.00879069 -0.2843227   0.00787928 -0.27739981  0.0069229 ],0.49605203,0.9999924
[-0.27141596  0.00598385 -0.26640407  0.00501189 -0.26239128  0.00401279],0.63674945,0.9999845
[-0.25918799  0.00320329 -0.25681114  0.00237685 -0.25527319  0.00153795],0.52951694,0.9999707
[-0.254743    0.00053019 -0.25522333 -0.00048032 -0.25671167 -0.00148834],0.5038775,0.9999416
[-0.25923874 -0.00252707 -0.26279129 -0.00355255 -0.26735052 -0.00455923],0.9920479,0.99987936
[-0.27215976 -0.00480924 -0.27719291 -0.00503315 -0.28242226 -0.00522935],1.0,0.9998369
[-0.2878067  -0.00538444 -0.29331574 -0.00550904 -0.29891776 -0.00560202],1.0,0.9998243
[-0.30458016 -0.0056624  -0.31026952 -0.00568937 -0.31595185 -0.00568233],1.0,0.99982476
[-0.32159275 -0.0056409  -0.32715764 -0.00556489 -0.33261203 -0.00545439],1.0,0.99983835
[-0.33792173 -0.0053097  -0.34305309 -0.00513137 -0.34797331 -0.00492021],1.0,0.9998617
[-0.35265061 -0.0046773  -0.35705456 -0.00440395 -0.36115627 -0.00410171],1.0,0.9998894
[-0.36492864 -0.00377237 -0.3683466  -0.00341796 -0.37138732 -0.00304071],1.0,0.99991584
[-0.37403035 -0.00264304 -0.37625789 -0.00222753 -0.37805484 -0.00179696],1.0,0.999938
[-0.37940902 -0.00135418 -0.38031121 -0.00090219 -0.38075527 -0.00044406],0.3197098,0.9999552
[-0.3817586  -0.00100333 -0.38331435 -0.00155575 -0.38541188 -0.00209754],0.13650282,0.99994683
[-0.38831163 -0.00289975 -0.39199366 -0.00368202 -0.39643252 -0.00443886],0.21189351,0.9999144
[-0.40148432 -0.0050518  -0.40711379 -0.00562947 -0.41328139 -0.0061676 ],0.3079851,0.99987197
[-0.41979936 -0.00651798 -0.42662134 -0.00682197 -0.43369845 -0.00707711],0.39244163,0.9998419
[-0.440853   -0.00715456 -0.44803314 -0.00718013 -0.45518651 -0.00715337],0.7312392,0.9998405
[-0.46175252 -0.00656601 -0.46768286 -0.00593034 -0.47293374 -0.00525089],0.95209545,0.99988914
[-0.47713501 -0.00420127 -0.48025549 -0.00312048 -0.48227199 -0.00201649],0.8550332,0.9999442
"[-4.83315088e-01 -1.04310178e-03 -4.83377033e-01 -6.19447182e-05
 -4.82457359e-01  9.19673546e-04]",1.0,0.99997234
[-0.48034546  0.0021119  -0.47705706  0.00328841 -0.47261658  0.00444048],0.7569996,0.99998665
[-0.46742148  0.0051951  -0.46151023  0.00591126 -0.45492644  0.00658378],0.88751817,0.99999213
[-0.44752279  0.00740365 -0.43935349  0.0081693  -0.43047805  0.00887544],1.0,0.999995
[-0.42079196  0.00968609 -0.41036476  0.0104272  -0.39927057  0.01109419],0.7652762,0.99999666
[-0.38793946  0.01133111 -0.37645003  0.01148943 -0.3648808   0.01156923],0.35883632,0.99999714
[-0.35391923  0.01096157 -0.34363774  0.01028148 -0.3341031   0.00953465],0.3602984,0.9999957
[-0.3253739   0.0087292  -0.31750484  0.00786905 -0.31054444  0.00696041],0.3891163,0.9999919
[-0.30449166  0.00605277 -0.29938271  0.00510895 -0.29524774  0.00413498],0.5147322,0.999984
[-0.29192245  0.00332529 -0.28942608  0.00249637 -0.28777296  0.00165311],0.4941267,0.9999695
"[-2.87003457e-01  7.69506398e-04 -2.87121939e-01 -1.18482123e-04
 -2.88127736e-01 -1.00579652e-03]",0.56727076,0.9999418
[-0.2899054  -0.00177766 -0.29244477 -0.00253937 -0.29573124 -0.00328647],0.5215262,0.9998965
[-0.29981439 -0.00408316 -0.30467037 -0.00485598 -0.3102705  -0.00560013],0.7338303,0.9998231
[-0.31626284 -0.00599234 -0.3226111  -0.00634826 -0.32927633 -0.00666523],0.9891942,0.9997592
[-0.33583403 -0.0065577  -0.34224288 -0.00640884 -0.34846198 -0.00621911],1.0,0.99976945
[-0.35443501 -0.00597303 -0.360123   -0.00568799 -0.3654885  -0.0053655 ],0.91190785,0.99981356
[-0.37062799 -0.00513949 -0.37550706 -0.00487907 -0.38009277 -0.00458571],1.0,0.99985075
[-0.38422184 -0.00412907 -0.38786604 -0.0036442  -0.39100033 -0.00313429],1.0,0.9998913
[-0.39360309 -0.00260276 -0.3956563  -0.0020532  -0.39714568 -0.00148938],1.0,0.9999256
"[-3.98060877e-01 -9.15196605e-04 -3.98395507e-01 -3.34630625e-04
 -3.98147238e-01  2.48269653e-04]",1.0,0.99994993
[-0.3973178   0.00082944 -0.39591298  0.00140482 -0.39394255  0.00197043],1.0,0.99996614
[-0.3914202   0.00252234 -0.38836342  0.00305678 -0.38479331  0.00357011],1.0,0.9999764
[-0.38073442  0.0040589  -0.3762145   0.00451992 -0.3712643   0.0049502 ],1.0,0.99998283
[-0.36591725  0.00534705 -0.36020919  0.00570805 -0.35417808  0.00603112],0.9284689,0.99998665
[-0.34797091  0.00620717 -0.34162814  0.00634277 -0.33519066  0.00643748],0.95863396,0.9999881
[-0.32865425  0.00653642 -0.32206003  0.00659421 -0.31544898  0.00661105],0.4900804,0.99998856
[-0.30956444  0.00588454 -0.30444198  0.00512246 -0.30011219  0.00432979],0.91279966,0.9999833
[-0.29596656  0.00414562 -0.29202935  0.00393722 -0.28832333  0.00370601],1.0,0.9999778
[-0.28473898  0.00358436 -0.28129664  0.00344233 -0.27801571  0.00328093],1.0,0.9999747
[-0.27491449  0.00310122 -0.27201013  0.00290436 -0.26931857  0.00269156],1.0,0.9999709
[-0.26685446  0.00246412 -0.26463109  0.00222336 -0.26266042  0.00197068],1.0,0.9999654
[-0.26095294  0.00170748 -0.25951771  0.00143523 -0.2583623   0.0011554 ],1.0,0.9999583
[-0.2574928   0.0008695  -0.25691375  0.00057905 -0.25662819  0.00028556],0.68531466,0.999949
[-0.25710964 -0.00048145 -0.25835557 -0.00124594 -0.26035947 -0.0020039 ],0.7810904,0.99992085
[-0.26296712 -0.00260765 -0.2661647  -0.00319758 -0.26993511 -0.00377041],0.7812739,0.999877
[-0.2742577  -0.0043226  -0.27910887 -0.00485116 -0.28446175 -0.00535288],1.0,0.9998224
[-0.28995822 -0.00549647 -0.29556699 -0.00560878 -0.3012557  -0.00568871],1.0,0.9997978
[-0.30699104 -0.00573534 -0.312739   -0.00574796 -0.31846503 -0.00572602],0.60307,0.9998014
[-0.32472966 -0.00626464 -0.33149429 -0.00676463 -0.33871665 -0.00722236],1.0,0.9997556
[-0.34575562 -0.00703897 -0.35256603 -0.00681041 -0.35910364 -0.00653761],1.0,0.9997716
[-0.36532549 -0.00622185 -0.37119029 -0.0058648  -0.37665874 -0.00546845],1.0,0.9998269
[-0.38169389 -0.00503515 -0.38626147 -0.00456758 -0.39033019 -0.00406872],1.0,0.99987745
[-0.393872   -0.00354181 -0.39686239 -0.00299039 -0.39928057 -0.00241818],1.0,0.99991703
[-0.40110967 -0.0018291  -0.4023369  -0.00122723 -0.40295367 -0.00061677],1.0,0.99994564
"[-4.02955644e-01 -1.97896526e-06 -4.02342822e-01  6.12822810e-04
 -4.01119494e-01  1.22332767e-03]",0.7889725,0.99996424
[-0.39961077  0.00150872 -0.3978272   0.00178357 -0.39578124  0.00204596],0.5723261,0.9999721
[-0.3938121   0.00196914 -0.39193346  0.00187864 -0.39015835  0.00177512],0.43801993,0.9999721
[-0.38870049  0.00145786 -0.38756994  0.00113054 -0.3867745   0.00079544],0.94014585,0.9999664
[-0.38556645  0.00120805 -0.38395409  0.00161236 -0.38194848  0.00200561],0.96534586,0.9999702
[-0.37952553  0.00242294 -0.37670179  0.00282374 -0.37349644  0.00320535],1.0,0.9999771
[-0.3698792   0.00361725 -0.36587442  0.00400478 -0.36150892  0.0043655 ],0.714846,0.99998236
[-0.35723948  0.00426944 -0.35309431  0.00414517 -0.34910062  0.00399369],0.22049531,0.99998236
[-0.34602596  0.00307466 -0.34389025  0.00213571 -0.34270726  0.00118299],0.61702514,0.9999707
"[-3.41889800e-01  8.17457689e-04 -3.41443121e-01  4.46678829e-04
 -3.41370084e-01  7.30365997e-05]",1.0,0.9999573
"[-3.41096695e-01  2.73388696e-04 -3.40624706e-01  4.71989659e-04
 -3.39957136e-01  6.67569452e-04]",1.0,0.9999585
[-0.33909826  0.00085888 -0.33805355  0.00104471 -0.33682967  0.00122388],1.0,0.999964
[-0.33543441  0.00139526 -0.33387662  0.00155779 -0.33216616  0.00171047],0.9927016,0.9999683
[-0.33032475  0.0018414  -0.32836398  0.00196077 -0.32629613  0.00206785],1.0,0.9999709
[-0.32412314  0.00217299 -0.32185851  0.00226463 -0.31951623  0.00234227],0.27096674,0.9999726
"[-3.18204280e-01  1.31195289e-03 -3.17930688e-01  2.73591098e-04
 -3.18697133e-01 -7.66444769e-04]",0.86953294,0.99995494
[-0.31960107 -0.00090394 -0.32063696 -0.00103589 -0.32179844 -0.00116147],0.6267315,0.9999411
[-0.32344254 -0.00164411 -0.32555912 -0.00211658 -0.32813506 -0.00257593],0.9885269,0.99992466
[-0.3306116  -0.00247654 -0.33297323 -0.00236164 -0.3352051  -0.00223187],0.7221736,0.9999242
[-0.33769264 -0.00248753 -0.34042004 -0.0027274  -0.34336992 -0.00294987],1.0,0.9999192
[-0.3461066  -0.00273668 -0.34861246 -0.00250586 -0.35087125 -0.0022588 ],1.0,0.9999273
[-0.35286831 -0.00199705 -0.35459059 -0.00172228 -0.35602681 -0.00143622],0.53939915,0.9999418
[-0.35785845 -0.00183164 -0.36007345 -0.002215   -0.3626572  -0.00258374],0.6484321,0.9999361
[-0.365429   -0.0027718  -0.3683704  -0.00294141 -0.37146175 -0.00309135],0.5754505,0.9999285
[-0.37479174 -0.00332999 -0.37833791 -0.00354617 -0.38207621 -0.00373829],0.73112917,0.9999218
[-0.38574762 -0.00367142 -0.38932701 -0.00357939 -0.39278973 -0.00346272],0.59301233,0.9999256
[-0.39631901 -0.00352928 -0.39989034 -0.00357133 -0.40347881 -0.00358847],0.79546714,0.9999287
[-0.40675562 -0.0032768  -0.4096977  -0.00294209 -0.41228432 -0.00258662],0.9410166,0.9999411
[-0.41427884 -0.00199452 -0.41566712 -0.00138828 -0.41643929 -0.00077217],1.0,0.99995995
"[-4.16501379e-01 -6.20922524e-05 -4.15852954e-01  6.48425526e-04
 -4.14498623e-01  1.35433047e-03]",0.47839633,0.9999752
[-0.41323042  0.00126821 -0.41205734  0.00117308 -0.4109877   0.00106964],0.43358484,0.9999776
[-0.4100963   0.00089141 -0.40938943  0.00070687 -0.40887209  0.00051734],0.40752235,0.9999752
"[-4.08587030e-01  2.85059065e-04 -4.08536262e-01  5.07679959e-05
 -4.08720143e-01 -1.83881383e-04]",0.5863772,0.9999714
"[-4.08869094e-01 -1.48950594e-04 -4.08982062e-01 -1.12968280e-04
 -4.09058250e-01 -7.61883479e-05]",0.9277046,0.9999709
[-0.40858513  0.00047312 -0.40756604  0.00101909 -0.40600817  0.00155787],1.0,0.99997807
[-0.40381405  0.00219412 -0.40099911  0.00281494 -0.39758307  0.00341604],0.88971937,0.99998546
[-0.39375522  0.00382785 -0.38954217  0.00421305 -0.38497309  0.00456908],1.0,0.99998903
[-0.37991398  0.0050591  -0.37439945  0.00551453 -0.36846693  0.00593253],0.6964096,0.99999166
[-0.36261172  0.0058552  -0.35687292  0.00573881 -0.35128845  0.00558447],0.877109,0.9999914
[-0.34562386  0.00566459 -0.33991589  0.00570797 -0.33420121  0.00571468],0.53785646,0.9999912
[-0.32902502  0.00517619 -0.32441987  0.00460514 -0.32041446  0.00400541],0.7660524,0.99998784
[-0.31669123  0.00372323 -0.31327297  0.00341826 -0.31018048  0.0030925 ],0.6847204,0.9999838
[-0.3075544   0.00262608 -0.30541048  0.00214391 -0.30376153  0.00164896],0.7891375,0.9999778
[-0.30246069  0.00130084 -0.30151567  0.00094502 -0.30093206  0.00058362],0.8630527,0.9999707
"[-3.00602403e-01  3.29653849e-04 -3.00528653e-01  7.37496417e-05
 -3.00711242e-01 -1.82588423e-04]",0.5252709,0.99996424
[-0.30165577 -0.00094452 -0.30335666 -0.0017009  -0.30580388 -0.00244722],0.8762123,0.99994564
[-0.30845647 -0.00265259 -0.31129859 -0.00284212 -0.31431316 -0.00301457],1.0,0.9999311
[-0.31729626 -0.0029831  -0.32022973 -0.00293346 -0.32309558 -0.00286585],1.0,0.9999316
[-0.32587615 -0.00278057 -0.3285542  -0.00267805 -0.33111302 -0.00255882],0.43882972,0.99993706
[-0.33437834 -0.00326532 -0.33832957 -0.00395123 -0.34294163 -0.00461206],0.119505875,0.99991536
[-0.34866399 -0.00572236 -0.3554597  -0.00679571 -0.3632844  -0.0078247 ],1.0,0.99984026
[-0.37076564 -0.00748124 -0.37785338 -0.00708774 -0.38449972 -0.00664634],0.755465,0.99984765
[-0.39102608 -0.00652637 -0.39738754 -0.00636146 -0.40353993 -0.00615239],0.58075947,0.99987984
[-0.40970228 -0.00616235 -0.41583119 -0.00612891 -0.42188321 -0.00605202],0.89424825,0.9998934
[-0.42734494 -0.00546173 -0.43217721 -0.00483227 -0.4363452  -0.004168  ],1.0,0.9999273
[-0.43966015 -0.00331495 -0.44209801 -0.00243786 -0.44364105 -0.00154304],0.902985,0.9999602
"[-4.44423565e-01 -7.82511975e-04 -4.44439845e-01 -1.62806469e-05
 -4.43689776e-01  7.50069358e-04]",1.0,0.99997735
[-0.4420333   0.00165648 -0.43948248  0.00255082 -0.43605586  0.00342662],1.0,0.99998736
[-0.43177828  0.00427757 -0.42668069  0.0050976  -0.42079978  0.00588091],0.49103835,0.9999926
[-0.41494114  0.00585864 -0.40914652  0.00579462 -0.40345697  0.00568955],0.13051055,0.9999933
[-0.39845334  0.00500364 -0.39417063  0.00428271 -0.39063866  0.00353197],0.9950871,0.99998975
[-0.38658503  0.00405363 -0.38203768  0.00454735 -0.37702778  0.0050099 ],0.83768153,0.9999902
[-0.37182555  0.00520223 -0.36646618  0.00535937 -0.36098561  0.00548057],0.8000237,0.9999914
[-0.35547681  0.00550881 -0.3499761   0.00550071 -0.34451943  0.00545666],0.71510047,0.9999914
[-0.33926953  0.0052499  -0.33426006  0.00500947 -0.32952284  0.00473722],0.5234264,0.99999
[-0.3253752   0.00414764 -0.321843    0.00353219 -0.31894813  0.00289488],0.9953878,0.9999852
[-0.31600042  0.0029477  -0.3130179   0.00298252 -0.31001868  0.00299922],1.0,0.9999831
[-0.30701394  0.00300475 -0.30402167  0.00299227 -0.30105968  0.00296198],1.0,0.9999826
[-0.29814549  0.00291419 -0.2952962   0.0028493  -0.2925284   0.00276779],0.803596,0.99998164
[-0.29015274  0.00237566 -0.28818288  0.00196986 -0.28663008  0.0015528 ],1.0,0.9999769
[-0.28520858  0.0014215  -0.28392645  0.00128213 -0.28279093  0.00113552],1.0,0.9999728
[-0.28180843  0.00098251 -0.28098445  0.00082397 -0.28032363  0.00066082],1.0,0.9999695
"[-2.79829658e-01  4.93973070e-04 -2.79505293e-01  3.24364894e-04
 -2.79352347e-01  1.52946819e-04]",1.0,0.99996567
"[-2.79371671e-01 -1.93241242e-05 -2.79563158e-01 -1.91487331e-04
 -2.79925741e-01 -3.62582647e-04]",1.0,0.99996114
[-0.2804574  -0.00053165 -0.28115515 -0.00069776 -0.2820151  -0.00085995],0.9977386,0.9999566
[-0.28303582 -0.00102072 -0.28421156 -0.00117574 -0.2855357  -0.00132414],1.0,0.9999521
[-0.28699735 -0.00146165 -0.28858821 -0.00159086 -0.29029922 -0.00171101],1.0,0.999948
[-0.29212058 -0.00182136 -0.29404181 -0.00192124 -0.29605183 -0.00201002],0.46430194,0.9999449
[-0.2989425  -0.00289067 -0.30269695 -0.00375445 -0.30729308 -0.00459613],0.49494228,0.99991536
[-0.3126576  -0.00536452 -0.31875827 -0.00610067 -0.32555795 -0.00679968],0.6021662,0.9998591
[-0.33285383 -0.00729588 -0.34060024 -0.00774641 -0.34874798 -0.00814774],0.58197004,0.99980664
[-0.35727483 -0.00852685 -0.36612503 -0.0088502  -0.37523988 -0.00911485],0.48688093,0.99977016
[-0.38470073 -0.00946085 -0.39444311 -0.00974238 -0.40439978 -0.00995667],0.55605686,0.9997449
[-0.41439742 -0.00999764 -0.42436542 -0.009968   -0.43423264 -0.00986722],0.52850723,0.9997628
[-0.44396934 -0.0097367  -0.45350484 -0.0095355  -0.46276942 -0.00926458],0.84601873,0.99981046
[-0.47121866 -0.00844924 -0.4787901  -0.00757145 -0.48542758 -0.00663747],0.99947315,0.99989367
[-0.4908515  -0.00542392 -0.49502142 -0.00416992 -0.4979062  -0.00288478],1.0,0.99995494
"[-4.99483489e-01 -1.57728428e-03 -4.99741480e-01 -2.57991201e-04
 -4.98678248e-01  1.06323180e-03]",0.8908913,0.9999819
[-0.49646541  0.00221284 -0.49311951  0.0033459  -0.48866555  0.00445396],0.5966389,0.99999166
[-0.48357815  0.0050874  -0.47789522  0.00568292 -0.47165905  0.00623618],0.2776788,0.99999475
[-0.46539432  0.00626472 -0.4591474   0.00624692 -0.45296434  0.00618306],0.36217484,0.99999475
[-0.44676382  0.00620052 -0.4405912   0.00617261 -0.43449147  0.00609973],0.45616984,0.9999945
[-0.42836786  0.00612361 -0.42226455  0.00610331 -0.41622534  0.00603921],0.4624234,0.99999404
[-0.41028393  0.0059414  -0.40448249  0.00580145 -0.39886188  0.0056206 ],0.5968978,0.9999931
[-0.39325977  0.00560211 -0.38771514  0.00554463 -0.3822663   0.00544884],1.0,0.99999213
[-0.37634597  0.00592033 -0.36999447  0.0063515  -0.36325466  0.00673981],0.64014107,0.9999933
[-0.35671138  0.00654329 -0.3504079   0.00630348 -0.34438548  0.00602242],0.79045886,0.9999926
[-0.33845765  0.00592783 -0.33266239  0.00579526 -0.32703642  0.00562596],0.6427019,0.9999912
[-0.32183666  0.00519976 -0.31709534  0.00474132 -0.31284155  0.00425378],0.7350861,0.9999883
[-0.30896259  0.00387897 -0.30548181  0.00348078 -0.30242001  0.0030618 ],1.0,0.9999838
[-0.29939798  0.00302203 -0.2964335   0.00296447 -0.29354392  0.00288958],0.83628273,0.99998164
[-0.29099157  0.00255235 -0.28879117  0.0022004  -0.28695534  0.00183584],0.7529223,0.99997735
[-0.28561957  0.00133577 -0.28479146  0.00082811 -0.28447569  0.00031577],0.90863,0.9999683
"[-2.84440484e-01  3.52040856e-05 -2.84686045e-01 -2.45561316e-04
 -2.85210984e-01 -5.24938601e-04]",0.8199488,0.99995947
[-0.28614535 -0.00093437 -0.28748385 -0.0013385  -0.28921887 -0.00173502],0.660875,0.99994755
[-0.29157912 -0.00236025 -0.29455105 -0.00297193 -0.29811749 -0.00356645],0.96818036,0.9999237
[-0.30179673 -0.00367924 -0.30556714 -0.00377041 -0.30940638 -0.00383924],0.9458881,0.9999113
[-0.31332495 -0.00391856 -0.3172992  -0.00397425 -0.32130497 -0.00400577],0.9220821,0.99991035
[-0.32535338 -0.00404841 -0.3294194  -0.00406602 -0.33347765 -0.00405826],0.6100133,0.9999118
[-0.33797074 -0.00449308 -0.34287016 -0.00489942 -0.34814458 -0.00527442],0.5618793,0.9998965
[-0.35383217 -0.00568758 -0.35989585 -0.00606368 -0.36629572 -0.00639987],0.4566138,0.99987245
[-0.37314714 -0.00685142 -0.3804041  -0.00725696 -0.38801738 -0.00761327],0.656687,0.9998448
[-0.39563467 -0.0076173  -0.40320327 -0.0075686  -0.41067029 -0.00746703],0.5101273,0.99985075
[-0.41820298 -0.00753269 -0.42574785 -0.00754486 -0.43325091 -0.00750306],0.42073673,0.9998665
[-0.4407922  -0.0075413  -0.44831707 -0.00752487 -0.45577067 -0.00745359],0.46711653,0.9998815
[-0.46302879 -0.00725813 -0.47003802 -0.00700923 -0.47674656 -0.00670853],0.78101337,0.9999063
[-0.48263381 -0.00588725 -0.487656   -0.00502219 -0.49177572 -0.00411972],0.6888242,0.99994683
[-0.49510052 -0.0033248  -0.49760556 -0.00250504 -0.49927211 -0.00166655],0.8261094,0.9999716
"[-4.99881787e-01 -6.09676749e-04 -4.99430027e-01  4.51759996e-04
 -4.97920210e-01  1.50981728e-03]",1.0,0.99998593
[-0.49510279  0.00281742 -0.49099883  0.00410396 -0.48563898  0.00535985],1.0,0.99999356
[-0.47906322  0.00657577 -0.47132048  0.00774274 -0.46246822  0.00885226],1.0,0.9999969
[-0.45257187  0.00989635 -0.4417042   0.01086767 -0.42994459  0.01175962],1.0,0.99999833
[-0.41737817  0.01256642 -0.404095    0.01328318 -0.39018902  0.01390597],1.0,0.9999988
[-0.37575712  0.0144319  -0.36089804  0.01485909 -0.34571133  0.01518671],0.87878174,0.99999905
[-0.33047817  0.01523316 -0.31529556  0.0151826  -0.30025735  0.01503822],0.8884157,0.99999905
[-0.28543902  0.01481833 -0.27092613  0.01451289 -0.25679932  0.01412681],1.0,0.9999988
[-0.2429666   0.01383272 -0.22949865  0.01346795 -0.2164612   0.01303745],1.0,0.99999833
[-0.20391489  0.01254631 -0.19191521  0.01199969 -0.18051249  0.01140272],1.0,0.9999976
[-0.16975206  0.01076043 -0.1596744   0.01007766 -0.15031535  0.00935905],0.897497,0.9999962
[-0.14186015  0.0084552  -0.1343357   0.00752445 -0.12776472  0.00657098],0.6234801,0.9999926
[-0.12257711  0.00518761 -0.11878715  0.00378996 -0.1164049   0.00238225],0.4546351,0.9999814
[-0.11568979  0.0007151  -0.11664367 -0.00095388 -0.11926409 -0.00262042],0.019794118,0.9999397
[-0.1241965  -0.00493241 -0.13142769 -0.00723119 -0.14093736 -0.00950968],0.9962811,0.9997115
[-0.15123246 -0.0102951  -0.16228022 -0.01104776 -0.1740431  -0.01176288],1.0,0.99931526
[-0.18647288 -0.01242978 -0.19952156 -0.01304868 -0.21313561 -0.01361405],1.0,0.9989587
[-0.22725578 -0.01412017 -0.2418171  -0.01456132 -0.25674893 -0.01493182],1.0,0.9986503
[-0.2719751  -0.01522617 -0.28741425 -0.01543916 -0.30298025 -0.015566  ],0.96979827,0.9985589
[-0.31862801 -0.01564775 -0.33426328 -0.01563527 -0.34978874 -0.01552546],0.35358745,0.9987334
[-0.36602912 -0.01624038 -0.38287737 -0.01684825 -0.40021957 -0.01734221],0.73227704,0.9985758
[-0.41736772 -0.01714815 -0.43420077 -0.01683305 -0.45059788 -0.01639711],0.8528896,0.9989053
[-0.46625879 -0.01566091 -0.4810683  -0.01480951 -0.4949166  -0.01384829],1.0,0.9994668
[-0.50747974 -0.01256314 -0.51866373 -0.01118399 -0.52838473 -0.009721  ],1.0,0.9998121
[-0.53656983 -0.00818511 -0.54315768 -0.00658785 -0.54809892 -0.00494124],1.0,0.9999418
"[-5.51356578e-01 -3.25765494e-03 -5.52906290e-01 -1.54971195e-03
 -5.52736479e-01  1.69811325e-04]",1.0,0.9999819
[-0.55084841  0.00188807 -0.5472562   0.00359221 -0.54198671  0.00526949],1.0,0.99999404
[-0.53507938  0.00690733 -0.52658596  0.00849342 -0.51657014  0.01001582],1.0,0.99999785
[-0.50510702  0.01146311 -0.49228253  0.0128245  -0.47819256  0.01408997],1.0,0.99999905
[-0.46294209  0.01525047 -0.44664403  0.01629806 -0.42941802  0.01722601],1.0,0.9999995
[-0.41138901  0.01802901 -0.39268576  0.01870324 -0.37343932  0.01924644],1.0,0.9999995
[-0.35378137  0.01965795 -0.33384266  0.01993871 -0.3137515   0.02009117],0.7490645,0.99999976
[-0.29400867  0.01974283 -0.27473122  0.01927745 -0.25602804  0.01870318],0.9127149,0.9999995
[-0.2377539   0.01827414 -0.22000127  0.01775263 -0.20285454  0.01714673],0.8297407,0.9999993
[-0.18651437  0.01634017 -0.17104833  0.01546603 -0.1565157   0.01453263],1.0,0.9999988
[-0.1427125   0.0138032  -0.12968365  0.01302885 -0.11746798  0.01221567],1.0,0.9999981
[-0.10609867  0.01136931 -0.09560378  0.01049489 -0.08600677  0.00959701],1.0,0.9999962
[-0.07732701  0.00867977 -0.06958027  0.00774673 -0.06277927  0.006801  ],1.0,0.9999926
[-0.05693406  0.00584521 -0.05205247  0.00488159 -0.04814047  0.00391201],1.0,0.999985
[-0.04520243  0.00293803 -0.04324145  0.00196099 -0.04225945  0.00098199],1.0,0.99996877
"[-4.22573987e-02  2.05588468e-06 -4.32352807e-02 -9.77882018e-04
 -4.51921627e-02 -1.95688198e-03]",0.9764605,0.9999349
[-0.04816141 -0.00296925 -0.05213992 -0.00397851 -0.05712322 -0.0049833 ],0.6026582,0.9998617
[-0.06366591 -0.00654269 -0.07175915 -0.00809324 -0.0813907  -0.00963155],0.8550259,0.99960315
[-0.09216555 -0.01077485 -0.10406291 -0.01189736 -0.11705689 -0.01299398],1.0,0.9989824
[-0.1308983  -0.01384141 -0.1455494  -0.01465111 -0.16096595 -0.01541654],1.0,0.9980345
[-0.17709662 -0.01613068 -0.19388268 -0.01678606 -0.21125764 -0.01737496],1.0,0.99683595
[-0.2291471  -0.01788946 -0.24746873 -0.01832164 -0.26613248 -0.01866375],1.0,0.9958223
[-0.28504086 -0.01890838 -0.30408956 -0.0190487  -0.32316814 -0.01907858],1.0,0.99571073
[-0.342161   -0.01899285 -0.36094843 -0.01878743 -0.3794079  -0.01845947],1.0,0.99665844
[-0.39741539 -0.01800749 -0.41484681 -0.01743143 -0.43157949 -0.01673267],1.0,0.9980252
[-0.44749357 -0.01591408 -0.4624735  -0.01497993 -0.4764093  -0.0139358 ],1.0,0.999084
[-0.48919784 -0.01278854 -0.50074393 -0.01154609 -0.5109613  -0.01021737],0.693967,0.9996439
[-0.52023248 -0.00927118 -0.52848795 -0.00825547 -0.53566581 -0.00717785],0.87577623,0.99984765
[-0.54143951 -0.00577371 -0.54576582 -0.0043263  -0.54861232 -0.00284651],0.3425612,0.9999416
[-0.55075756 -0.00214524 -0.55218549 -0.00142793 -0.55288545 -0.00069995],0.8245289,0.9999695
[-0.55212924  0.00075621 -0.54992252  0.00220672 -0.54628178  0.00364074],1.0,0.99998665
[-0.54097106  0.00531073 -0.5340301   0.00694096 -0.52551092  0.00851918],0.7385672,0.99999523
[-0.51586954  0.00964137 -0.50517828  0.01069126 -0.49351725  0.01166103],0.9329616,0.9999976
[-0.48068209  0.01283516 -0.46676847  0.01391362 -0.45187957  0.0148889 ],0.8942061,0.9999988
[-0.43618312  0.01569645 -0.41979349  0.01638963 -0.40282856  0.01696493],1.0,0.9999993
[-0.38524972  0.01757884 -0.36717897  0.01807075 -0.34873878  0.01844019],1.0,0.9999995
[-0.33005071  0.01868807 -0.31123406  0.01881666 -0.29240455  0.0188295 ],1.0,0.9999995
[-0.27367329  0.01873126 -0.25514571  0.01852757 -0.23692084  0.01822488],0.4793216,0.9999995
[-0.21987164  0.0170492  -0.20407903  0.01579261 -0.18961335  0.01446568],0.37556806,0.9999988
[-0.17669064  0.01292272 -0.1653615   0.01132914 -0.15566763  0.00969386],0.5597033,0.99999666
[-0.14736652  0.00830111 -0.14048549  0.00688103 -0.13504615  0.00543935],0.65504634,0.9999902
[-0.13092185  0.0041243  -0.12812462  0.00279723 -0.1266624   0.00146222],0.9009062,0.99997354
[-0.12617049  0.0004919  -0.12665027 -0.00047978 -0.12810039 -0.00145012],0.93333334,0.9999411
[-0.13046817 -0.00236778 -0.13374688 -0.00327871 -0.13792703 -0.00418015],1.0,0.99988174
[-0.14289621 -0.00496917 -0.14863916 -0.00574295 -0.15513764 -0.00649849],1.0,0.9997823
[-0.16237022 -0.00723258 -0.17031203 -0.0079418  -0.17893455 -0.00862252],0.90738714,0.9996246
[-0.18834436 -0.00940981 -0.19850451 -0.01016016 -0.20937324 -0.01086873],0.71325535,0.999352
[-0.22119491 -0.01182168 -0.23391618 -0.01272127 -0.24747685 -0.01356067],0.70570743,0.99880314
[-0.26182103 -0.01434418 -0.2768743  -0.01505327 -0.29255505 -0.01568075],0.7468965,0.99800456
[-0.30871282 -0.01615778 -0.32525257 -0.01653974 -0.34207332 -0.01682075],1.0,0.9974234
[-0.35868921 -0.01661589 -0.37499208 -0.01630287 -0.39087295 -0.01588087],0.95888793,0.9979069
[-0.40628483 -0.01541188 -0.42112019 -0.01483535 -0.43527375 -0.01415356],0.8898668,0.99872863
[-0.44874722 -0.01347347 -0.46144258 -0.01269535 -0.47326661 -0.01182403],1.0,0.9993341
[-0.48396669 -0.01070009 -0.49346332 -0.00949663 -0.50168566 -0.00822234],1.0,0.99972177
[-0.50857223 -0.00688657 -0.51407145 -0.00549923 -0.51814213 -0.00407067],1.0,0.99989843
"[-5.20753721e-01 -2.61159572e-03 -5.21886654e-01 -1.13293337e-03
 -5.21532429e-01  3.54225773e-04]",1.0,0.99996424
[-0.5196937   0.00183873 -0.51638426  0.00330944 -0.51162892  0.00475534],1.0,0.9999869
[-0.50546334  0.00616558 -0.49793371  0.00752963 -0.48909637  0.00883734],1.0,0.99999475
