State,Action,Action wo Noise
[-0.41078657  0.         -0.41078657  0.         -0.41078657  0.        ],1.0,1.0
[-0.41011661  0.00066997 -0.40878141  0.0013352  -0.40679041  0.001991  ],1.0,1.0
[-0.40415766  0.00263275 -0.40090167  0.00325599 -0.39704527  0.0038564 ],0.91233534,1.0
[-0.39274687  0.00429839 -0.38803635  0.00471052 -0.38294625  0.0050901 ],0.99621105,1.0
[-0.37738571  0.00556055 -0.37139261  0.0059931  -0.36500749  0.00638512],0.79740185,1.0
[-0.35857133  0.00643616 -0.35212683  0.0064445  -0.34571629  0.00641054],0.6979412,1.0
[-0.33953053  0.00618576 -0.33360928  0.00592126 -0.32799012  0.00561915],1.0,1.0
[-0.32225527  0.00573485 -0.31644033  0.00581494 -0.31058098  0.00585935],1.0,1.0
[-0.30471271  0.00586826 -0.29887063  0.00584208 -0.29308921  0.00578143],1.0,1.0
[-0.28740207  0.00568714 -0.28184184  0.00556023 -0.27643995  0.00540188],1.0,1.0
[-0.27122651  0.00521344 -0.26623014  0.00499637 -0.26147789  0.00475226],1.0,1.0
[-0.2569951   0.00448278 -0.25280538  0.00418972 -0.24893047  0.00387491],1.0,1.0
[-0.24539025  0.00354023 -0.24220263  0.00318761 -0.2393836   0.00281903],0.82702,1.0
[-0.2372066   0.002177   -0.23568233  0.00152427 -0.23481823  0.00086409],0.9807838,1.0
"[-2.34387876e-01  4.30356337e-04 -2.34393345e-01 -5.46867769e-06
 -2.34834612e-01 -4.41267170e-04]",0.94565934,1.0
[-0.23576222 -0.00092761 -0.23717166 -0.00140944 -0.23905605 -0.00188439],0.80923086,1.0
[-0.24161076 -0.00255471 -0.24482316 -0.00321239 -0.24867717 -0.00385401],1.0,1.0
[-0.25286716 -0.00418998 -0.25737164 -0.00450448 -0.26216721 -0.00479557],1.0,1.0
[-0.2672286  -0.00506139 -0.27252873 -0.00530013 -0.27803882 -0.00551009],0.90326285,1.0
[-0.2838736  -0.00583478 -0.29000039 -0.00612679 -0.29638436 -0.00638396],0.9959519,1.0
[-0.30284957 -0.00646521 -0.30935808 -0.00650851 -0.3158711  -0.00651302],0.8633735,1.0
[-0.32254812 -0.00667702 -0.32934818 -0.00680006 -0.336229   -0.00688081],1.0,1.0
[-0.34294224 -0.00671324 -0.34944504 -0.0065028  -0.35569538 -0.00625034],0.96573484,1.0
[-0.36170381 -0.00600843 -0.36743068 -0.00572687 -0.37283782 -0.00540714],0.6655295,1.0
[-0.37833922 -0.0055014  -0.38389762 -0.0055584  -0.38947508 -0.00557746],0.86455023,1.0
[-0.39473471 -0.00525963 -0.39964011 -0.00490539 -0.40415708 -0.00451698],1.0,1.0
[-0.40805083 -0.00389374 -0.41129393 -0.0032431  -0.41386348 -0.00256954],0.94699717,1.0
[-0.41582075 -0.00195728 -0.41715186 -0.00133111 -0.41784732 -0.00069546],0.99012685,1.0
"[-4.17837490e-01  9.83065810e-06 -4.17122437e-01  7.15053070e-04
 -4.15707255e-01  1.41518206e-03]",1.0,1.0
[-0.4135872   0.00212005 -0.41077734  0.00280986 -0.40729758  0.00347976],0.8837685,1.0
[-0.40334683  0.00395075 -0.39895288  0.00439395 -0.39414649  0.00480639],0.7877392,1.0
[-0.38910517  0.00504133 -0.38386378  0.00524138 -0.37845838  0.0054054 ],0.67884916,1.0
[-0.37308918  0.0053692  -0.36779256  0.00529662 -0.36260413  0.00518843],0.6494557,1.0
[-0.35760257  0.00500156 -0.35282098  0.00478159 -0.34829074  0.00453024],0.96177685,1.0
[-0.34357286  0.00471788 -0.33869782  0.00487504 -0.33369685  0.00500098],0.9425726,1.0
[-0.32863047  0.00506637 -0.32353054  0.00509993 -0.31842878  0.00510176],1.0,1.0
[-0.31327045  0.00515833 -0.30808698  0.00518347 -0.30290956  0.00517741],1.0,1.0
[-0.29776902  0.00514054 -0.29269558  0.00507344 -0.2877187   0.00497688],1.0,1.0
[-0.28286692  0.00485178 -0.27816773  0.00469919 -0.2736474   0.00452033],1.0,1.0
[-0.26933091  0.0043165  -0.26524179  0.00408912 -0.26140208  0.0038397 ],1.0,1.0
[-0.25783225  0.00356983 -0.2545511   0.00328115 -0.25157574  0.00297536],1.0,1.0
[-0.24892152  0.00265422 -0.24660203  0.00231949 -0.24462904  0.00197299],1.0,1.0
[-0.24301248  0.00161655 -0.24176047  0.00125201 -0.24087924  0.00088123],1.0,1.0
"[-2.40373170e-01  5.06070780e-04 -2.40244767e-01  1.28403102e-04
 -2.40494667e-01 -2.49900249e-04]",1.0,1.0
[-0.24112163 -0.00062697 -0.24212256 -0.00100092 -0.24349246 -0.0013699 ],0.9295891,1.0
[-0.24533012 -0.00183766 -0.24762631 -0.00229619 -0.25036943 -0.00274312],1.0,1.0
[-0.25343988 -0.00307045 -0.25682187 -0.00338199 -0.26049782 -0.00367596],0.9102839,1.0
[-0.26458301 -0.00408519 -0.26905571 -0.0044727  -0.27389186 -0.00483615],0.9804724,1.0
[-0.27895978 -0.00506793 -0.28423146 -0.00527168 -0.28967732 -0.00544586],1.0,1.0
[-0.29523709 -0.00555977 -0.30087871 -0.00564162 -0.30656919 -0.00569048],0.804027,1.0
[-0.31256876 -0.00599957 -0.31884138 -0.00627263 -0.32534888 -0.00650749],0.87375814,1.0
[-0.33194649 -0.00659761 -0.33859296 -0.00664647 -0.34524619 -0.00665323],1.0,1.0
[-0.35167414 -0.00642796 -0.35783512 -0.00616098 -0.36368871 -0.00585359],1.0,1.0
[-0.36919615 -0.00550744 -0.37432064 -0.00512449 -0.37902767 -0.00470703],1.0,1.0
[-0.38328531 -0.00425764 -0.38706449 -0.00377918 -0.39033929 -0.0032748 ],1.0,1.0
[-0.39308712 -0.00274783 -0.39528897 -0.00220185 -0.39692956 -0.00164059],1.0,1.0
"[-3.97997462e-01 -1.06790455e-03 -3.98485243e-01 -4.87780828e-04
 -3.98389498e-01  9.57455824e-05]",1.0,1.0
[-0.39771089  0.0006786  -0.39645416  0.00125673 -0.39462806  0.0018261 ],0.8988678,1.0
[-0.39239699  0.00223108 -0.38977641  0.00262058 -0.38678446  0.00299195],1.0,1.0
[-0.38329004  0.00349442 -0.37931714  0.0039729  -0.37489288  0.00442426],0.79838246,1.0
[-0.37034971  0.00454317 -0.36571827  0.00463144 -0.36102958  0.00468869],0.6464101,1.0
[-0.35654278  0.0044868  -0.35228749  0.00425529 -0.3482916   0.00399589],0.7597491,1.0
[-0.34441112  0.00388049 -0.34067112  0.00374    -0.33709562  0.0035755 ],0.86477655,1.0
[-0.33354988  0.00354574 -0.33005637  0.00349351 -0.32663706  0.00341931],1.0,1.0
[-0.32311049  0.00352657 -0.31949855  0.00361194 -0.31582349  0.00367506],0.93155724,1.0
[-0.31221044  0.00361305 -0.30868132  0.00352912 -0.30525737  0.00342396],1.0,1.0
[-0.30185635  0.00340101 -0.29849844  0.00335792 -0.29520335  0.00329509],1.0,1.0
[-0.29199031  0.00321304 -0.2888779   0.00311241 -0.28588397  0.00299392],0.7144173,1.0
[-0.28345396  0.00243001 -0.2816016   0.00185236 -0.28033731  0.00126429],0.76313233,1.0
"[-2.79595091e-01  7.42218789e-04 -2.79379091e-01  2.16000110e-04
 -2.79690514e-01 -3.11423227e-04]",0.6267024,1.0
[-0.28073227 -0.00104175 -0.28249853 -0.00176626 -0.2849794  -0.00248087],0.70919997,1.0
[-0.28803713 -0.00305773 -0.29165435 -0.00361722 -0.29581033 -0.00415598],0.9677377,1.0
[-0.30009323 -0.00428289 -0.30447799 -0.00438476 -0.30893872 -0.00446073],1.0,1.0
[-0.31340042 -0.00446169 -0.31783617 -0.00443576 -0.32221899 -0.00438282],0.7628493,1.0
[-0.32687767 -0.00465868 -0.33178332 -0.00490565 -0.33690522 -0.0051219 ],0.8631806,1.0
[-0.34206048 -0.00515526 -0.3472162  -0.00515571 -0.35233914 -0.00512294],0.70430064,1.0
[-0.3576343  -0.00529517 -0.36306696 -0.00543266 -0.36860115 -0.00553419],0.52971005,1.0
[-0.37446181 -0.00586066 -0.38060949 -0.00614768 -0.38700244 -0.00639295],0.7560474,1.0
[-0.39325736 -0.00625492 -0.39933104 -0.00607368 -0.40518122 -0.00585018],0.8284988,1.0
[-0.41065822 -0.005477   -0.41572342 -0.00506519 -0.42034088 -0.00461746],0.8097421,1.0
[-0.42450583 -0.00416496 -0.42818847 -0.00368264 -0.43136235 -0.00317387],0.7807239,1.0
[-0.43404812 -0.00268577 -0.43622638 -0.00217826 -0.43788137 -0.00165499],0.7206109,1.0
"[-4.39091261e-01 -1.20989289e-03 -4.39847276e-01 -7.56015152e-04
 -4.40143923e-01 -2.96646939e-04]",0.777803,1.0
"[-4.39893258e-01  2.50664646e-04 -4.39097103e-01  7.96155035e-04
 -4.37761240e-01  1.33586332e-03]",0.90860724,1.0
[-0.43569916  0.00206208 -0.43292579  0.00277336 -0.42946121  0.00346458],0.7856658,1.0
[-0.42551482  0.0039464  -0.42111498  0.00439983 -0.41629323  0.00482176],1.0,1.0
[-0.41076243  0.00553079 -0.40456184  0.00620059 -0.39773517  0.00682667],0.77797,1.0
[-0.39066325  0.00707192 -0.38339518  0.00726808 -0.37598094  0.00741424],0.78016645,1.0
[-0.36846775  0.00751319 -0.36090625  0.0075615  -0.35334682  0.00755943],0.73626983,1.0
[-0.34590508  0.00744174 -0.3386294   0.00727567 -0.33156649  0.00706292],0.71477413,1.0
[-0.3247933   0.00677319 -0.31835215  0.00644115 -0.31228275  0.0060694 ],0.68216914,1.0
[-0.30667092  0.00561183 -0.30155036  0.00512056 -0.29695145  0.00459891],0.6845959,1.0
[-0.29289751  0.00405394 -0.28941208  0.00348543 -0.28651518  0.00289689],0.77045035,1.0
[-0.28409457  0.00242062 -0.28216394  0.00193063 -0.28073417  0.00142977],0.99779624,1.0
[-0.27947227  0.00126191 -0.27838527  0.001087   -0.27747923  0.00090604],0.93422914,1.0
"[-2.76854536e-01  6.24694438e-04 -2.76514647e-01  3.39888769e-04
 -2.76461445e-01  5.32018972e-05]",1.0,1.0
"[-2.76596568e-01 -1.35122978e-04 -2.76919268e-01 -3.22700300e-04
 -2.77427760e-01 -5.08491195e-04]",0.8998158,1.0
[-0.2782695  -0.00084174 -0.27943982 -0.00117032 -0.28093219 -0.00149238],1.0,1.0
[-0.28258801 -0.00165582 -0.28439798 -0.00180997 -0.28635191 -0.00195392],1.0,1.0
[-0.28843871 -0.00208681 -0.29064652 -0.0022078  -0.29296268 -0.00231616],0.9637083,1.0
[-0.2954283  -0.00246562 -0.29802909 -0.00260079 -0.3007499  -0.00272081],0.76266706,1.0
[-0.30387632 -0.00312642 -0.30738989 -0.00351357 -0.31126968 -0.0038798 ],1.0,1.0
[-0.31513642 -0.00386674 -0.31896669 -0.00383027 -0.3227371  -0.00377041],0.82066625,1.0
[-0.32669344 -0.00395634 -0.33081118 -0.00411774 -0.33506455 -0.00425337],0.6086663,1.0
[-0.33974473 -0.00468018 -0.34482196 -0.00507723 -0.35026365 -0.00544169],0.7321545,1.0
[-0.35584933 -0.00558567 -0.36154245 -0.00569312 -0.36730545 -0.005763  ],0.81597596,1.0
[-0.3729742  -0.00566875 -0.37851062 -0.00553642 -0.3838772  -0.00536658],0.817315,1.0
[-0.3890353  -0.0051581  -0.39394947 -0.00491417 -0.3985857  -0.00463623],1.0,1.0
[-0.40263771 -0.004052   -0.40607714 -0.00343943 -0.40887984 -0.0028027 ],1.0,1.0
[-0.41102604 -0.00214621 -0.41250059 -0.00147454 -0.41329303 -0.00079244],0.89431566,1.0
"[-4.13556267e-01 -2.63241361e-04 -4.13288445e-01  2.67822956e-04
 -4.12491457e-01  7.96987329e-04]",0.8946986,1.0
[-0.41117038  0.00132108 -0.40933457  0.00183581 -0.40699702  0.00233756],0.8095189,1.0
[-0.40430197  0.00269505 -0.40126839  0.00303358 -0.39791755  0.00335084],0.7168085,1.0
[-0.39441193  0.00350562 -0.39077593  0.003636   -0.38703473  0.0037412 ],0.8450163,1.0
[-0.38302183  0.0040129  -0.37876475  0.00425708 -0.37429255  0.0044722 ],0.7934741,1.0
[-0.36971286  0.00457969 -0.36505654  0.00465632 -0.36035475  0.00470179],0.7482424,1.0
[-0.35570657  0.00464818 -0.35114265  0.00456392 -0.34669285  0.0044498 ],0.8075057,1.0
[-0.34229717  0.00439568 -0.33798394  0.00431323 -0.33378073  0.00420321],0.9192468,1.0
[-0.32954657  0.00423415 -0.32530812  0.00423846 -0.3210918   0.00421632],0.72148186,1.0
[-0.31722034  0.00387146 -0.31371748  0.00350285 -0.31060455  0.00311293],0.77467144,1.0
[-0.30782055  0.00278399 -0.30538221  0.00243835 -0.30330406  0.00207815],0.91246384,1.0
[-0.30139175  0.00191231 -0.29965659  0.00173517 -0.29810876  0.00154782],0.89655757,1.0
[-0.29678122  0.00132755 -0.29568169  0.00109952 -0.2948166   0.00086509],0.577827,1.0
"[-2.94669054e-01  1.47546459e-04 -2.95239911e-01 -5.70856977e-04
 -2.96525859e-01 -1.28594732e-03]",0.76747286,1.0
[-0.29823495 -0.00170909 -0.3003572  -0.00212225 -0.30288017 -0.00252297],0.79568255,1.0
[-0.30574666 -0.00286649 -0.30893966 -0.003193   -0.31244009 -0.00350043],1.0,1.0
[-0.31592039 -0.0034803  -0.31935945 -0.00343906 -0.32273625 -0.00337679],1.0,1.0
[-0.32602998 -0.00329373 -0.32922024 -0.00319025 -0.3322871  -0.00306686],0.8788895,1.0
[-0.33539298 -0.00310588 -0.33851826 -0.00312528 -0.34164308 -0.00312482],0.8017147,1.0
[-0.34486322 -0.00322014 -0.34815799 -0.00329477 -0.35150608 -0.00334809],0.84749144,1.0
[-0.35481704 -0.00331097 -0.35806923 -0.00325219 -0.36124126 -0.00317203],0.95682275,1.0
[-0.36414816 -0.00290689 -0.36677061 -0.00262245 -0.36909112 -0.00232051],0.9696781,1.0
[-0.37107487 -0.00198375 -0.37270853 -0.00163366 -0.3739811  -0.00127257],0.97488517,1.0
"[-3.74876168e-01 -8.95069658e-04 -3.75387689e-01 -5.11521098e-04
 -3.75512200e-01 -1.24510417e-04]",1.0,1.0
"[-3.75211184e-01  3.01015622e-04 -3.74486680e-01  7.24503630e-04
 -3.73343590e-01  1.14308998e-03]",0.8354147,1.0
[-0.37203652  0.00130708 -0.37057427  0.00146224 -0.3689667   0.00160757],0.83313644,1.0
[-0.36722801  0.00173869 -0.36536986  0.00185816 -0.36340464  0.00196521],1.0,1.0
[-0.36109517  0.00230947 -0.35845677  0.0026384  -0.35550689  0.00294988],0.928789,1.0
[-0.35237175  0.00313513 -0.3490719   0.00329985 -0.34562883  0.00344307],1.0,1.0
[-0.34195801  0.00367082 -0.33808307  0.00387494 -0.33402878  0.00405429],0.9942937,1.0
[-0.32982941  0.00419937 -0.32551139  0.00431802 -0.32110167  0.00440971],1.0,1.0
[-0.31661898  0.00448269 -0.31209079  0.00452819 -0.30754459  0.00454621],0.99285734,1.0
[-0.3030184   0.00452619 -0.29853916  0.00447924 -0.29413322  0.00440594],1.0,1.0
[-0.28981553  0.00431769 -0.28561097  0.00420456 -0.28154349  0.00406748],1.0,1.0
[-0.27763603  0.00390746 -0.27391039  0.00372564 -0.27038713  0.00352326],1.0,1.0
[-0.26708552  0.00330161 -0.26402342  0.0030621  -0.26121725  0.00280617],0.9283094,1.0
[-0.25878947  0.00242778 -0.25675288  0.00203659 -0.25511815  0.00163473],0.9176328,1.0
[-0.25390982  0.00120833 -0.25313415  0.00077567 -0.25279514  0.000339  ],0.8835573,1.0
"[-2.52945673e-01 -1.50528684e-04 -2.53584958e-01 -6.39284509e-04
 -2.54709696e-01 -1.12473792e-03]",0.832975,1.0
[-0.25638993 -0.00168024 -0.25861693 -0.002227   -0.26137903 -0.0027621 ],1.0,1.0
[-0.26441112 -0.00303209 -0.26769708 -0.00328595 -0.27121925 -0.00352217],0.90875006,1.0
[-0.2750954  -0.00387616 -0.2793043  -0.0042089  -0.28382261 -0.00451831],0.80410326,1.0
[-0.28878197 -0.00495936 -0.29415421 -0.00537224 -0.29990842 -0.00575421],0.8197841,1.0
[-0.30598752 -0.0060791  -0.31235554 -0.00636802 -0.31897427 -0.00661873],1.0,1.0
[-0.3255331  -0.00655883 -0.33199153 -0.00645844 -0.33830918 -0.00631765],1.0,1.0
[-0.34444604 -0.00613685 -0.35036277 -0.00591674 -0.35602108 -0.00565831],1.0,1.0
[-0.36138394 -0.00536286 -0.36641596 -0.00503202 -0.37108364 -0.00466768],1.0,1.0
[-0.37535569 -0.00427205 -0.37920328 -0.00384758 -0.38260027 -0.003397  ],1.0,1.0
[-0.38552351 -0.00292323 -0.38795294 -0.00242944 -0.38987187 -0.00191893],0.9664161,1.0
[-0.39131745 -0.00144557 -0.39227967 -0.00096222 -0.39275188 -0.00047221],0.79804116,1.0
"[-3.92983372e-01 -2.31492609e-04 -3.92972541e-01  1.08307773e-05
 -3.92719462e-01  2.53079090e-04]",1.0,1.0
[-0.39192295  0.00079651 -0.39058852  0.00133443 -0.38872541  0.00186311],1.0,1.0
[-0.38634647  0.00237894 -0.38346808  0.00287839 -0.38010998  0.00335809],1.0,1.0
[-0.37629513  0.00381486 -0.37204944  0.00424569 -0.36740161  0.00464782],0.87913823,1.0
[-0.36256416  0.00483746 -0.35756932  0.00499484 -0.35245014  0.00511918],1.0,1.0
[-0.34705892  0.00539122 -0.34143071  0.00562821 -0.33560176  0.00582895],0.881722,1.0
[-0.32978663  0.00581513 -0.32402199  0.00576465 -0.31834374  0.00567824],0.9251262,1.0
[-0.31272177  0.00562197 -0.30719028  0.00553149 -0.30178252  0.00540776],0.94032323,1.0
[-0.29650781  0.00527471 -0.29139707  0.00511074 -0.28647988  0.00491718],0.5377051,1.0
[-0.2823883   0.00409158 -0.27914543  0.00324287 -0.27676943  0.002376  ],0.6649819,1.0
[-0.27508258  0.00168685 -0.27409419  0.00098839 -0.27380971  0.00028448],0.6443828,1.0
[-0.27426159 -0.00045188 -0.27544735 -0.00118576 -0.27736047 -0.00191311],0.8539894,1.0
[-0.27967594 -0.00231548 -0.2823809  -0.00270496 -0.28546019 -0.00307929],0.85704595,1.0
[-0.28889186 -0.00343166 -0.29265636 -0.0037645  -0.29673208 -0.00407572],1.0,1.0
[-0.30088096 -0.00414887 -0.30507867 -0.00419772 -0.3093004  -0.00422172],0.9813237,1.0
[-0.31354893 -0.00424853 -0.31779863 -0.00424971 -0.32202364 -0.00422501],0.75129837,1.0
[-0.32654305 -0.00451941 -0.33132884 -0.00478579 -0.33635106 -0.00502222],0.72633696,1.0
[-0.34161543 -0.00526437 -0.34708836 -0.00547294 -0.35273462 -0.00564626],0.8026205,1.0
[-0.35840304 -0.00566842 -0.3640564  -0.00565336 -0.36965724 -0.00560083],0.75672024,1.0
[-0.37523695 -0.00557971 -0.38075791 -0.00552097 -0.38618262 -0.0054247 ],0.68293947,1.0
[-0.39158459 -0.00540197 -0.39692657 -0.00534199 -0.40217149 -0.00524492],0.8953761,1.0
[-0.40696404 -0.00479255 -0.41127055 -0.00430651 -0.41506059 -0.00379005],1.0,1.0
[-0.41815037 -0.00308978 -0.42051788 -0.00236751 -0.42214624 -0.00162836],1.0,1.0
"[-4.23023799e-01 -8.77558132e-04 -4.23144276e-01 -1.20477268e-04
 -4.22506810e-01  6.37466405e-04]",0.95452434,1.0
[-0.42118418  0.00132263 -0.41918584  0.00199834 -0.41652607  0.00265977],1.0,1.0
[-0.41315561  0.00337046 -0.40909839  0.00405721 -0.40438315  0.00471525],1.0,1.0
[-0.39904308  0.00534007 -0.39311558  0.00592749 -0.38664192  0.00647367],0.8001417,1.0
[-0.37996655  0.00667536 -0.37313519  0.00683136 -0.36619416  0.00694103],0.91052055,1.0
[-0.3590245   0.00716966 -0.35167382  0.00735068 -0.34419039  0.00748343],0.90948635,1.0
[-0.33662426  0.00756613 -0.32902382  0.00760044 -0.32143699  0.00758683],1.0,1.0
[-0.31377512  0.00766187 -0.30608504  0.00769008 -0.29841298  0.00767206],1.0,1.0
[-0.29080425  0.00760873 -0.28330297  0.00750128 -0.27595183  0.00735115],0.867601,1.0
[-0.26899042  0.00696141 -0.26245683  0.00653359 -0.25638612  0.00607071],0.8327935,1.0
[-0.25086246  0.00552366 -0.24591441  0.00494804 -0.24156715  0.00434726],0.6296061,1.0
[-0.23814722  0.00341993 -0.23567153  0.00247569 -0.23415219  0.00151934],0.7402525,1.0
"[-2.33430615e-01  7.21574370e-04 -2.33510297e-01 -7.96822479e-05
 -2.34390850e-01 -8.80553682e-04]",0.6213983,1.0
[-0.23624629 -0.00185544 -0.2390676  -0.0028213  -0.24284092 -0.00377332],0.75938195,1.0
[-0.24734057 -0.00449965 -0.2525439  -0.00520333 -0.25842433 -0.00588043],0.9654617,1.0
[-0.26464214 -0.00621781 -0.27116438 -0.00652224 -0.27795584 -0.00679146],0.88461196,1.0
[-0.28510042 -0.00714458 -0.29255807 -0.00745764 -0.30028615 -0.00772808],0.7930117,1.0
[-0.30837705 -0.00809091 -0.31678277 -0.00840571 -0.32545246 -0.0086697 ],0.671961,1.0
[-0.33451433 -0.00906186 -0.34391154 -0.00939722 -0.35358415 -0.0096726 ],0.7325098,1.0
[-0.36337852 -0.00979438 -0.37323005 -0.00985152 -0.38307271 -0.00984266],0.9850823,1.0
[-0.39246075 -0.00938804 -0.40132953 -0.00886878 -0.40961728 -0.00828775],0.840464,1.0
[-0.41748263 -0.00786535 -0.42486979 -0.00738715 -0.43172593 -0.00685614],0.84280354,1.0
[-0.43799822 -0.00627229 -0.44364128 -0.00564306 -0.44861409 -0.0049728 ],0.8376573,1.0
[-0.45288805 -0.00427397 -0.4564319  -0.00354385 -0.45921961 -0.00278771],0.8955164,1.0
"[-4.61143891e-01 -1.92428205e-03 -4.62190575e-01 -1.04668325e-03
 -4.62351944e-01 -1.61369441e-04]",1.0,1.0
[-0.46147008  0.00088186 -0.4595515   0.00191859 -0.45661031  0.00294118],0.965245,1.0
[-0.4527203   0.00389001 -0.44791001  0.00481029 -0.44221466  0.00569536],0.9476205,1.0
[-0.43570221  0.00651245 -0.42841994  0.00728227 -0.42042041  0.00799952],0.7301485,1.0
[-0.41208721  0.0083332  -0.40347961  0.0086076  -0.3946583   0.0088213 ],0.6928106,1.0
[-0.3857409   0.0089174  -0.37678899  0.00895191 -0.36786369  0.0089253 ],0.6562875,1.0
[-0.35907994  0.00878375 -0.35049615  0.00858378 -0.34216864  0.00832752],0.85453856,1.0
[-0.33385384  0.0083148  -0.32560471  0.00824913 -0.31747293  0.00813178],0.85404056,1.0
[-0.30950938  0.00796355 -0.3017623   0.00774708 -0.2942778   0.00748449],0.7801143,1.0
[-0.28721055  0.00706725 -0.28060113  0.00660942 -0.27448683  0.0061143 ],0.72558516,1.0
[-0.26898337  0.00550346 -0.2641208   0.00486258 -0.25992526  0.00419554],0.8821295,1.0
[-0.2561842   0.00374106 -0.25291725  0.00326696 -0.25014133  0.00277591],1.0,1.0
[-0.24769392  0.00244741 -0.24558748  0.00210645 -0.24383265  0.00175483],1.0,1.0
[-0.24243826  0.00139439 -0.24141128  0.00102698 -0.24075681  0.00065446],1.0,1.0
"[-2.40478114e-01  2.78698185e-04 -2.40576564e-01 -9.84497472e-05
 -2.41051674e-01 -4.75109930e-04]",1.0,1.0
[-0.24190109 -0.00084941 -0.24312058 -0.0012195  -0.24470408 -0.0015835 ],1.0,1.0
[-0.24664364 -0.00193956 -0.24892949 -0.00228585 -0.25155002 -0.00262053],1.0,1.0
[-0.25449183 -0.00294181 -0.25773974 -0.00324791 -0.26127681 -0.00353707],1.0,1.0
[-0.26508442 -0.00380761 -0.26914228 -0.00405787 -0.27342855 -0.00428627],1.0,1.0
[-0.27791984 -0.0044913  -0.28259138 -0.00467154 -0.28741705 -0.00482567],0.9089187,1.0
[-0.29250617 -0.00508912 -0.29782957 -0.0053234  -0.30335633 -0.00552676],0.9875449,1.0
[-0.308936   -0.00557967 -0.31453533 -0.00559933 -0.32012052 -0.00558519],0.7598341,1.0
[-0.32599902 -0.0058785  -0.33213448 -0.00613546 -0.3384885  -0.00635402],0.7674562,1.0
[-0.3450094  -0.0065209  -0.35165537 -0.00664597 -0.3583833  -0.00672793],0.8796423,1.0
[-0.36498077 -0.00659747 -0.37140401 -0.00642325 -0.37761001 -0.006206  ],1.0,1.0
[-0.38337625 -0.00576624 -0.38866342 -0.00528717 -0.39343518 -0.00477177],1.0,1.0
[-0.39765856 -0.00422337 -0.40130417 -0.00364561 -0.40434655 -0.00304238],0.8158171,1.0
[-0.40704065 -0.00269409 -0.40936749 -0.00232685 -0.41131068 -0.00194318],0.9709777,1.0
"[-4.12623718e-01 -1.31304137e-03 -4.13297315e-01 -6.73597219e-04
 -4.13326692e-01 -2.93768286e-05]",1.0,1.0
[-0.41266811  0.00065859 -0.41132623  0.00134188 -0.40931056  0.00201566],1.0,1.0
[-0.40663537  0.0026752  -0.4033195   0.00331586 -0.39938628  0.00393322],0.84159213,1.0
[-0.39510086  0.00428542 -0.39049309  0.00460777 -0.38559491  0.00489819],0.9504812,1.0
[-0.38027671  0.00531819 -0.3745749   0.00570182 -0.36852818  0.00604672],1.0,1.0
[-0.36210299  0.00642519 -0.35534218  0.0067608  -0.3482904   0.00705179],0.7852467,1.0
[-0.34131577  0.00697462 -0.33446327  0.0068525  -0.32777652  0.00668675],0.53940105,1.0
[-0.3216663   0.00611022 -0.31617053  0.00549577 -0.31132288  0.00484764],0.5420577,1.0
[-0.30714877  0.00417411 -0.30367325  0.00347552 -0.30091699  0.00275626],0.6446593,1.0
[-0.29874237  0.00217462 -0.29716217  0.0015802  -0.29618561  0.00097655],0.9656123,1.0
[-0.29533697  0.00084864 -0.29462118  0.00071579 -0.2940424   0.00057879],1.0,1.0
[-0.29355239  0.00049001 -0.29315398  0.0003984  -0.2928495   0.00030449],1.0,1.0
"[-2.92640685e-01  2.08813227e-04 -2.92528750e-01  1.11934927e-04
 -2.92514340e-01  1.44107858e-05]",0.8464531,1.0
[-0.29282786 -0.00031352 -0.29346749 -0.00063964 -0.29442955 -0.00096206],0.850117,1.0
[-0.29570296 -0.00127341 -0.29728034 -0.00157738 -0.2991525  -0.00187215],0.7949595,1.0
[-0.30139121 -0.00223871 -0.30398333 -0.00259211 -0.30691351 -0.00293019],1.0,1.0
[-0.30985678 -0.00294326 -0.31279549 -0.00293871 -0.31571192 -0.00291644],0.74414366,1.0
[-0.31897217 -0.00326025 -0.32255631 -0.00358414 -0.32644228 -0.00388598],0.615876,1.0
[-0.3307984  -0.00435612 -0.33559741 -0.00479902 -0.34080905 -0.00521164],0.9431171,1.0
[-0.34590925 -0.0051002  -0.35086522 -0.00495597 -0.35564482 -0.00477959],0.6551661,1.0
[-0.36064869 -0.00500387 -0.36584384 -0.00519515 -0.37119572 -0.00535189],0.9195887,1.0
[-0.37627184 -0.00507612 -0.3810379  -0.00476606 -0.38546149 -0.00442359],0.9780072,1.0
[-0.3894247  -0.00396321 -0.39290024 -0.00347555 -0.39586409 -0.00296385],1.0,1.0
[-0.39826267 -0.00239858 -0.40007929 -0.00181661 -0.40130124 -0.00122195],1.0,1.0
"[-4.01919978e-01 -6.18742074e-04 -4.01931178e-01 -1.12002990e-05
 -4.01334758e-01  5.96419944e-04]",0.9190545,1.0
[-0.40025631  0.00107844 -0.39870339  0.00155292 -0.39668683  0.00201655],0.8581566,1.0
[-0.39431205  0.00237478 -0.39159556  0.00271649 -0.38855618  0.00303938],0.96161187,1.0
[-0.38505972  0.00349646 -0.38113023  0.00392949 -0.37679461  0.00433563],1.0,1.0
[-0.37202476  0.00476985 -0.36685295  0.00517181 -0.36131388  0.00553907],0.94854766,1.0
[-0.35552161  0.00579227 -0.34951435  0.00600725 -0.34333136  0.00618299],0.9972495,1.0
[-0.33693955  0.00639181 -0.33037979  0.00655976 -0.3236935   0.00668629],0.8411008,1.0
[-0.31715658  0.00653692 -0.31080922  0.00634736 -0.30468992  0.00611929],1.0,1.0
[-0.29859695  0.00609298 -0.29256623  0.00603072 -0.28663281  0.00593341],1.0,1.0
[-0.28083069  0.00580213 -0.27519257  0.00563811 -0.26974979  0.00544278],1.0,1.0
[-0.26453211  0.00521768 -0.25956765  0.00496446 -0.25488275  0.0046849 ],1.0,1.0
[-0.25050191  0.00438084 -0.24644773  0.00405418 -0.24274083  0.0037069 ],1.0,1.0
[-0.23939982  0.00334101 -0.23644129  0.00295853 -0.23387977  0.00256152],1.0,1.0
[-0.23172771  0.00215206 -0.2299955   0.00173222 -0.22869141  0.00130408],1.0,1.0
"[-2.27821681e-01  8.69733606e-04 -2.27390420e-01  4.31260455e-04
 -2.27399674e-01 -9.25357797e-06]",1.0,1.0
[-0.2278494  -0.00044972 -0.22873746 -0.00088807 -0.23005966 -0.00132219],1.0,1.0
[-0.23180968 -0.00175002 -0.23397915 -0.00216947 -0.23655761 -0.00257845],1.0,1.0
[-0.2395325  -0.00297489 -0.24288921 -0.00335672 -0.24661108 -0.00372187],1.0,1.0
[-0.25067941 -0.00406832 -0.25507348 -0.00439407 -0.25977062 -0.00469714],1.0,1.0
[-0.26474626 -0.00497564 -0.26997396 -0.00522771 -0.27542556 -0.00545159],1.0,1.0
[-0.2810712  -0.00564564 -0.2868795  -0.00580831 -0.29281769 -0.00593819],1.0,1.0
[-0.29885174 -0.00603405 -0.30494655 -0.00609481 -0.31106615 -0.0061196 ],1.0,1.0
[-0.31717392 -0.00610777 -0.3232328  -0.00605888 -0.32920555 -0.00597275],0.81916595,1.0
[-0.33532626 -0.00612071 -0.34155637 -0.00623011 -0.34785618 -0.00629982],0.976697,1.0
[-0.3539488  -0.00609262 -0.35979453 -0.00584572 -0.36535489 -0.00556036],1.0,1.0
[-0.37055799 -0.00520311 -0.37536901 -0.00481101 -0.37975546 -0.00438646],1.0,1.0
[-0.38368757 -0.00393211 -0.38713847 -0.0034509  -0.39008448 -0.00294601],1.0,1.0
[-0.39250528 -0.0024208  -0.39438413 -0.00187885 -0.395708   -0.00132387],1.0,1.0
"[-3.96467697e-01 -7.59693548e-04 -3.96657925e-01 -1.90228442e-04
 -3.96277364e-01  3.80561014e-04]",0.994098,1.0
[-0.39533752  0.00093985 -0.39384492  0.0014926  -0.39180994  0.00203498],1.0,1.0
[-0.38923782  0.00257212 -0.38614634  0.00309148 -0.38255679  0.00358955],1.0,1.0
[-0.37849377  0.00406302 -0.37398499  0.00450878 -0.36906102  0.00492397],1.0,1.0
[-0.363755    0.00530602 -0.3581024   0.00565261 -0.35214064  0.00596175],1.0,1.0
[-0.34590886  0.00623178 -0.33944753  0.00646133 -0.33279815  0.00664939],1.0,1.0
[-0.32600289  0.00679525 -0.31910433  0.00689857 -0.31214506  0.00695927],0.984901,1.0
[-0.3051901   0.00695496 -0.29828113  0.00690897 -0.29145891  0.00682222],1.0,1.0
[-0.28474038  0.00671853 -0.27816387  0.00657651 -0.27176624  0.00639763],0.9783385,1.0
[-0.26561523  0.00615101 -0.25974413  0.0058711  -0.25418416  0.00555998],0.98917097,1.0
[-0.24894811  0.00523604 -0.2440629   0.00488521 -0.23955322  0.00450968],0.8142002,1.0
[-0.23570396  0.00384926 -0.232534    0.00316996 -0.2300587   0.0024753 ],0.8220709,1.0
[-0.22827813  0.00178057 -0.22720077  0.00107737 -0.2268317   0.00036906],1.0,1.0
