State,Action,Action wo Noise
[-0.50654323  0.         -0.50654323  0.         -0.50654323  0.        ],0.8731675,1.0
[-0.50536134  0.00118189 -0.50300641  0.00235493 -0.49949608  0.00351034],0.95559794,1.0
[-0.49473296  0.00476312 -0.48875266  0.00598029 -0.48159984  0.00715282],0.92866963,1.0
[-0.47336818  0.00823167 -0.46411881  0.00924937 -0.45392018  0.01019863],1.0,1.0
[-0.44274034  0.01117984 -0.430661    0.01207933 -0.41776971  0.0128913 ],0.975789,1.0
[-0.40419518  0.01357453 -0.39003347  0.01416171 -0.37538322  0.01465025],0.91605794,1.0
[-0.36043423  0.01494899 -0.3452866   0.01514763 -0.33003935  0.01524725],0.870436,1.0
[-0.31485792  0.01518143 -0.29983607  0.01502186 -0.28506354  0.01477252],0.9569977,1.0
[-0.27049571  0.01456783 -0.25621343  0.01428228 -0.24229279  0.01392063],1.0,1.0
[-0.22874029  0.0135525  -0.2156219   0.01311839 -0.20299845  0.01262345],1.0,1.0
[-0.19092556  0.01207289 -0.17945367  0.01147189 -0.16862816  0.01082552],1.0,1.0
[-0.15848951  0.01013865 -0.14907356  0.00941595 -0.14041173  0.00866182],1.0,1.0
[-0.13253137  0.00788036 -0.125456    0.00707537 -0.11920564  0.00625036],1.0,1.0
[-0.11379712  0.00540852 -0.10924432  0.0045528  -0.10555845  0.00368586],1.0,1.0
[-0.10274828  0.00281017 -0.10082027  0.001928   -0.09977878  0.00104149],1.0,1.0
[-0.09962613  0.00015266 -0.10036264 -0.00073651 -0.10198668 -0.00162405],1.0,1.0
[-0.10449463 -0.00250794 -0.10788073 -0.0033861  -0.11213704 -0.00425631],1.0,1.0
[-0.11725322 -0.00511618 -0.12321632 -0.0059631  -0.13001055 -0.00679423],1.0,1.0
[-0.13761702 -0.00760647 -0.14601345 -0.00839643 -0.15517384 -0.00916039],1.0,1.0
[-0.16506819 -0.00989436 -0.17566223 -0.01059404 -0.18691708 -0.01125485],1.0,1.0
[-0.19878907 -0.01187199 -0.21122952 -0.01244044 -0.22418458 -0.01295507],1.0,1.0
[-0.23759523 -0.01341065 -0.25139724 -0.01380201 -0.26552131 -0.01412407],1.0,1.0
[-0.2798933  -0.01437199 -0.29443454 -0.01454124 -0.30906229 -0.01462775],1.0,1.0
[-0.32369025 -0.01462796 -0.33822925 -0.014539   -0.35258797 -0.01435872],1.0,1.0
[-0.36667374 -0.01408577 -0.38039345 -0.01371971 -0.39365447 -0.01326102],0.9673543,1.0
[-0.40641454 -0.01276007 -0.41858447 -0.01216993 -0.43007801 -0.01149354],1.0,1.0
[-0.44076379 -0.01068578 -0.45056446 -0.00980067 -0.45940851 -0.00884405],1.0,1.0
[-0.46723102 -0.00782251 -0.47397427 -0.00674326 -0.47958834 -0.00561407],0.9572003,1.0
[-0.48409573 -0.00450739 -0.48746289 -0.00336717 -0.48966475 -0.00220185],0.9631288,1.0
"[-4.90675975e-01 -1.01122675e-03 -4.90489029e-01  1.86946720e-04
 -4.89105304e-01  1.38372496e-03]",1.0,1.0
[-0.48647982  0.00262549 -0.48263215  0.00384767 -0.47759096  0.00504119],1.0,1.0
[-0.47139373  0.00619723 -0.46408644  0.00730729 -0.45572313  0.00836331],0.99596894,1.0
[-0.44637142  0.00935171 -0.43609979  0.01027163 -0.42498295  0.01111685],0.988563,1.0
[-0.41311213  0.01187082 -0.40057203  0.0125401  -0.38745098  0.01312105],0.76765394,1.0
[-0.3741714   0.01327958 -0.36082389  0.01334751 -0.34749776  0.01332613],0.8890956,1.0
[-0.33409816  0.0133996  -0.32071084  0.01338732 -0.30741931  0.01329153],0.83128774,1.0
[-0.29439091  0.01302841 -0.28170232  0.01268858 -0.26942594  0.01227639],0.73126274,1.0
[-0.25777952  0.01164642 -0.24682516  0.01095436 -0.23661928  0.01020588],1.0,1.0
[-0.22680954  0.00980974 -0.21744305  0.00936649 -0.20856324  0.00887981],1.0,1.0
[-0.20020984  0.00835341 -0.19241888  0.00779096 -0.18522283  0.00719605],0.9750504,1.0
[-0.17868807  0.00653476 -0.17284005  0.00584802 -0.16770084  0.00513921],0.8623102,1.0
[-0.1634584   0.00424245 -0.16012787  0.00333052 -0.15772093  0.00240694],1.0,1.0
[-0.15603932  0.00168161 -0.15508875  0.00095057 -0.15487244  0.00021631],1.0,1.0
[-0.15539111 -0.00051867 -0.15664302 -0.00125191 -0.15862393 -0.00198091],1.0,1.0
[-0.16132707 -0.00270314 -0.16474309 -0.00341602 -0.16885994 -0.00411685],0.8565811,1.0
[-0.17387794 -0.005018   -0.17977859 -0.00590065 -0.1865395  -0.0067609 ],0.65798885,1.0
[-0.19443206 -0.00789256 -0.20342427 -0.00899221 -0.21347822 -0.01005395],0.7304135,1.0
[-0.22444115 -0.01096292 -0.23626283 -0.01182169 -0.24888678 -0.01262395],0.765028,1.0
[-0.26219809 -0.01331131 -0.2761275  -0.01392942 -0.29059955 -0.01447205],1.0,1.0
[-0.30518022 -0.01458067 -0.3197843  -0.01460408 -0.3343235  -0.0145392 ],0.9956715,1.0
[-0.34871369 -0.0143902  -0.36286267 -0.01414897 -0.37667748 -0.01381481],1.0,1.0
[-0.39005886 -0.01338139 -0.40291522 -0.01285636 -0.41515706 -0.01224184],1.0,1.0
[-0.42669795 -0.01154088 -0.43745539 -0.01075745 -0.44735175 -0.00989635],1.0,1.0
[-0.45631498 -0.00896323 -0.46427942 -0.00796444 -0.47118641 -0.00690699],1.0,1.0
[-0.47698488 -0.00579847 -0.48163181 -0.00464693 -0.48509267 -0.00346085],1.0,1.0
"[-4.87341673e-01 -2.24900809e-03 -4.88362074e-01 -1.02040047e-03
 -4.88146257e-01  2.15816187e-04]",0.9644334,1.0
[-0.48674918  0.00139707 -0.48418127  0.00256791 -0.48046165  0.00371962],1.0,1.0
[-0.47556465  0.004897   -0.46952667  0.00603798 -0.46239245  0.00713422],0.8333325,1.0
[-0.4544647   0.00792775 -0.44580175  0.00866295 -0.436467    0.00933475],0.6342858,1.0
[-0.42682689  0.00964011 -0.41695099  0.0098759  -0.40690994  0.01004105],0.70582896,1.0
[-0.39666755  0.01024239 -0.38629556  0.01037199 -0.37586572  0.01042983],0.9588019,1.0
[-0.36506976  0.01079596 -0.35398025  0.01108951 -0.34267049  0.01130977],0.6458364,1.0
[-0.33168327  0.01098722 -0.32108845  0.01059482 -0.31095199  0.01013647],0.70909876,1.0
[-0.30124073  0.00971126 -0.29201254  0.00922818 -0.28332121  0.00869133],0.82237464,1.0
[-0.27504634  0.00827487 -0.26723405  0.00781229 -0.25992691  0.00730714],0.94975287,1.0
[-0.25297281  0.0069541  -0.24640803  0.00656478 -0.2402661   0.00614193],1.0,1.0
[-0.23450237  0.00576373 -0.22914508  0.00535729 -0.22421998  0.0049251 ],1.0,1.0
[-0.2197503   0.00446968 -0.21575675  0.00399355 -0.21225753  0.00349922],1.0,1.0
[-0.20926836  0.00298917 -0.20680249  0.00246587 -0.20487072  0.00193177],1.0,1.0
[-0.20348144  0.00138928 -0.20264064  0.00084079 -0.20235194  0.0002887 ],1.0,1.0
[-0.20261657 -0.00026463 -0.20343339 -0.00081682 -0.2047989  -0.00136551],1.0,1.0
[-0.20670721 -0.00190831 -0.20915004 -0.00244283 -0.2121167  -0.00296665],0.97133666,1.0
[-0.21563702 -0.00352032 -0.21969521 -0.00405819 -0.22427277 -0.00457757],1.0,1.0
[-0.22930551 -0.00503274 -0.23476967 -0.00546416 -0.24063898 -0.00586931],0.93196154,1.0
[-0.2469867  -0.00634772 -0.25378103 -0.00679433 -0.2609872  -0.00720616],0.9587736,1.0
[-0.26852727 -0.00754007 -0.27636091 -0.00783364 -0.28444527 -0.00808436],1.0,1.0
[-0.29267331 -0.00822804 -0.30099805 -0.00832473 -0.30937093 -0.00837289],0.9745121,1.0
[-0.31778042 -0.00840948 -0.32617554 -0.00839512 -0.33450451 -0.00832897],0.9598391,1.0
[-0.34273707 -0.00823256 -0.35082076 -0.00808368 -0.35870327 -0.00788251],0.8831146,1.0
[-0.366448   -0.00774473 -0.3740035  -0.00755551 -0.38131902 -0.00731552],1.0,1.0
[-0.38816952 -0.00685051 -0.39450803 -0.00633851 -0.4002907  -0.00578267],1.0,1.0
[-0.40547724 -0.00518653 -0.41003126 -0.00455402 -0.41392065 -0.00388939],0.98155504,1.0
[-0.41714553 -0.00322488 -0.41968298 -0.00253745 -0.4215149  -0.00183192],0.8461407,1.0
"[-4.22831324e-01 -1.31642615e-03 -4.23622836e-01 -7.91512491e-04
 -4.23883766e-01 -2.60929588e-04]",1.0,1.0
[-0.42338145  0.00050231 -0.4221195   0.00126195 -0.42010694  0.00201256],0.87309927,1.0
[-0.4175485   0.00255843 -0.41446245  0.00308605 -0.41087072  0.00359173],0.78660834,1.0
[-0.40692852  0.0039422  -0.40266367  0.00426485 -0.39810616  0.00455751],0.6558507,1.0
[-0.39348399  0.00462217 -0.38882931  0.00465468 -0.38417432  0.004655  ],0.91679704,1.0
[-0.37915958  0.00501473 -0.37381936  0.00534022 -0.36818987  0.00562949],0.9646114,1.0
[-0.36223726  0.00595261 -0.35600122  0.00623603 -0.34952296  0.00647826],0.7727338,1.0
[-0.34313263  0.00639033 -0.33687153  0.0062611  -0.33077968  0.00609185],1.0,1.0
[-0.32455466  0.00622502 -0.31823533  0.00631933 -0.31186062  0.00637471],0.9875224,1.0
[-0.305488    0.00637262 -0.29915567  0.00633233 -0.29290104  0.00625463],0.8444157,1.0
[-0.28697516  0.00592588 -0.28141199  0.00556316 -0.27624296  0.00516903],0.57305986,1.0
[-0.27190387  0.00433909 -0.26841857  0.0034853  -0.265806    0.00261257],0.7220584,1.0
[-0.26385673  0.00194927 -0.26258119  0.00127554 -0.26198618  0.00059501],0.89831734,1.0
"[-2.61810475e-01  1.75707472e-04 -2.62055000e-01 -2.44524677e-04
 -2.62718459e-01 -6.63459518e-04]",1.0,1.0
[-0.2636448  -0.00092635 -0.2648291  -0.0011843  -0.26626503 -0.00143593],0.9636038,1.0
[-0.26799948 -0.00173445 -0.2700231  -0.00202362 -0.27232494 -0.00230184],0.8835358,1.0
[-0.27501254 -0.00268761 -0.27807117 -0.00305863 -0.2814839  -0.00341273],0.82102704,1.0
[-0.28532544 -0.00384154 -0.28957414 -0.0042487  -0.29420581 -0.00463167],0.5652525,1.0
[-0.29957742 -0.00537162 -0.30565767 -0.00608025 -0.3124106  -0.00675293],1.0,1.0
[-0.31914358 -0.00673298 -0.32581562 -0.00667204 -0.33238552 -0.00656989],1.0,1.0
[-0.33881214 -0.00642663 -0.34505477 -0.00624262 -0.35107335 -0.00601859],1.0,1.0
[-0.35682887 -0.00575552 -0.36228364 -0.00545477 -0.3674016  -0.00511795],1.0,1.0
[-0.37214863 -0.00474703 -0.37649285 -0.00434423 -0.38040491 -0.00391206],1.0,1.0
[-0.38385819 -0.00345328 -0.38682909 -0.00297091 -0.38929723 -0.00246814],1.0,1.0
[-0.3912456  -0.00194837 -0.39266074 -0.00141514 -0.39353285 -0.00087211],0.89010704,1.0
"[-3.94020729e-01 -4.87880268e-04 -3.94120992e-01 -1.00262974e-04
 -3.93832942e-01  2.88050229e-04]",1.0,1.0
[-0.39299374  0.0008392  -0.3916092   0.00138454 -0.38968892  0.00192028],1.0,1.0
[-0.38724616  0.00244275 -0.38429777  0.00294839 -0.38086399  0.00343378],0.88821054,1.0
[-0.37713599  0.003728   -0.37313914  0.00399685 -0.36890049  0.00423865],0.9369643,1.0
[-0.36437542  0.00452506 -0.35959419  0.00478123 -0.35458852  0.00500567],0.89727646,1.0
[-0.34945089  0.00513763 -0.34421484  0.00523605 -0.33891426  0.00530059],0.7879317,1.0
[-0.33374712  0.00516714 -0.32874623  0.00500089 -0.32394302  0.00480321],0.8587796,1.0
[-0.31926111  0.00468191 -0.31472937  0.00453174 -0.31037547  0.00435391],0.8196049,1.0
[-0.30628448  0.00409099 -0.30248091  0.00380357 -0.29898735  0.00349357],1.0,1.0
[-0.29555375  0.0034336  -0.29220016  0.00335359 -0.28894598  0.00325417],1.0,1.0
[-0.28580991  0.00313607 -0.2828098   0.00300011 -0.27996259  0.00284721],0.9002996,1.0
[-0.2774338   0.00252879 -0.27523749  0.0021963  -0.27338583  0.00185167],1.0,1.0
[-0.27173942  0.0016464  -0.27030729  0.00143213 -0.26909724  0.00121005],0.8265381,1.0
"[-2.68376025e-01  7.21216340e-04 -2.68147549e-01  2.28476197e-04
 -2.68413048e-01 -2.65498885e-04]",1.0,1.0
[-0.26891089 -0.00049785 -0.26963839 -0.0007275  -0.2705916  -0.00095321],1.0,1.0
[-0.27176534 -0.00117374 -0.27315321 -0.00138787 -0.27474762 -0.00159441],1.0,1.0
[-0.27653981 -0.00179219 -0.2785199  -0.00198008 -0.28067689 -0.00215699],1.0,1.0
[-0.28299875 -0.00232186 -0.28547246 -0.00247371 -0.28808404 -0.00261158],1.0,1.0
[-0.29081864 -0.0027346  -0.29366061 -0.00284197 -0.29659356 -0.00293295],0.95035815,1.0
[-0.29967494 -0.00308137 -0.30288671 -0.00321177 -0.30620995 -0.00332324],1.0,1.0
[-0.30955046 -0.00334051 -0.31288826 -0.0033378  -0.31620323 -0.00331497],1.0,1.0
[-0.31947523 -0.003272   -0.32268425 -0.00320902 -0.32581053 -0.00312628],1.0,1.0
[-0.3288347  -0.00302417 -0.33173789 -0.00290319 -0.33450189 -0.002764  ],0.89107215,1.0
[-0.33727265 -0.00277076 -0.34003261 -0.00275996 -0.34276416 -0.00273155],0.56151533,1.0
[-0.34594415 -0.00317999 -0.34955209 -0.00360793 -0.35356459 -0.0040125 ],0.4122986,1.0
[-0.35817931 -0.00461472 -0.36336593 -0.00518662 -0.3690901  -0.00572417],0.4702577,1.0
[-0.37522664 -0.00613654 -0.38173421 -0.00650756 -0.38856854 -0.00683433],0.69437593,1.0
[-0.39534656 -0.00677802 -0.40202136 -0.00667479 -0.40854633 -0.00652498],1.0,1.0
[-0.41441717 -0.00587084 -0.41959231 -0.00517514 -0.4240349  -0.00444259],0.793245,1.0
[-0.4280233  -0.0039884  -0.43152887 -0.00350557 -0.43452634 -0.00299748],0.6422874,1.0
[-0.43722051 -0.00269417 -0.43959185 -0.00237135 -0.44162317 -0.00203132],1.0,1.0
"[-4.42763128e-01 -1.13995631e-03 -4.43003427e-01 -2.40298724e-04
 -4.42342318e-01  6.61108522e-04]",0.8482164,1.0
[-0.44101229  0.00133003 -0.43902302  0.00198927 -0.43638896  0.00263406],0.66854805,1.0
[-0.43339871  0.00299025 -0.43007392  0.00332479 -0.42643857  0.00363535],0.6583121,1.0
[-0.42253418  0.00390439 -0.41838875  0.00414543 -0.41403189  0.00435686],0.7586326,1.0
[-0.40934412  0.00468778 -0.40435862  0.0049855  -0.39911052  0.00524809],0.99413836,1.0
[-0.39328333  0.00582719 -0.38691759  0.00636574 -0.38005726  0.00686033],0.9296032,1.0
[-0.37284613  0.00721114 -0.36533308  0.00751305 -0.35756852  0.00776456],0.6628446,1.0
[-0.35000407  0.00756445 -0.34268926  0.00731482 -0.33567136  0.0070179 ],0.7337491,1.0
[-0.32888881  0.00678255 -0.32238431  0.00650449 -0.31619831  0.006186  ],0.9528086,1.0
[-0.31004016  0.00615815 -0.30394714  0.00609302 -0.29795563  0.00599151],0.88984185,1.0
[-0.29219537  0.00576026 -0.28669979  0.00549558 -0.28150035  0.00519944],1.0,1.0
[-0.27646118  0.00503918 -0.27161033  0.00485085 -0.26697446  0.00463587],1.0,1.0
[-0.2625787   0.00439576 -0.25844657  0.00413213 -0.25459989  0.00384667],0.85960865,1.0
[-0.25126934  0.00333055 -0.24847209  0.00279725 -0.24622245  0.00224965],1.0,1.0
[-0.24432122  0.00190123 -0.24277798  0.00154324 -0.24160044  0.00117753],0.85222214,1.0
"[-2.41016157e-01  5.84286899e-04 -2.41028017e-01 -1.18601957e-05
 -2.41635965e-01 -6.07948432e-04]",1.0,1.0
[-0.24261531 -0.00097935 -0.24396119 -0.00134587 -0.24566685 -0.00170567],1.0,1.0
[-0.24772374 -0.00205688 -0.25012144 -0.0023977  -0.25284774 -0.0027263 ],1.0,1.0
[-0.25588864 -0.0030409  -0.25922837 -0.00333973 -0.26284945 -0.00362108],1.0,1.0
[-0.26673272 -0.00388327 -0.27085741 -0.00412468 -0.27520117 -0.00434377],1.0,1.0
[-0.27974022 -0.00453905 -0.28444938 -0.00470916 -0.2893022  -0.00485282],1.0,1.0
[-0.29427108 -0.00496888 -0.29932741 -0.00505633 -0.30444171 -0.0051143 ],1.0,1.0
[-0.30958381 -0.0051421  -0.31472299 -0.00513918 -0.31982821 -0.00510522],1.0,1.0
[-0.32486829 -0.00504008 -0.32981211 -0.00494382 -0.33462883 -0.00481672],1.0,1.0
[-0.33928812 -0.00465929 -0.34376037 -0.00447225 -0.34801692 -0.00425655],0.83955556,1.0
[-0.35227094 -0.00425402 -0.35649476 -0.00422382 -0.36066068 -0.00416592],1.0,1.0
[-0.36450055 -0.00383987 -0.36798887 -0.00348832 -0.37110233 -0.00311346],0.9923756,1.0
[-0.37383147 -0.00272914 -0.37615788 -0.00232642 -0.37806584 -0.00190795],0.8499131,1.0
[-0.37975607 -0.00169023 -0.38121708 -0.00146101 -0.38243891 -0.00122183],0.8830012,1.0
"[-3.83363577e-01 -9.24664010e-04 -3.83984750e-01 -6.21173758e-04
 -3.84298180e-01 -3.13429175e-04]",0.7831107,1.0
"[-3.84451552e-01 -1.53372414e-04 -3.84443816e-01  7.73575562e-06
 -3.84275025e-01  1.68790890e-04]",0.77527076,1.0
"[-3.83958096e-01  3.16929063e-04 -3.83495201e-01  4.62895351e-04
 -3.82889510e-01  6.05691112e-04]",0.5201254,1.0
"[-3.82527887e-01  3.61623204e-04 -3.82412805e-01  1.15081802e-04
 -3.82545051e-01 -1.32246503e-04]",0.987009,1.0
"[-3.82223397e-01  3.21654873e-04 -3.81450039e-01  7.73357103e-04
 -3.80230264e-01  1.21977583e-03]",1.0,1.0
[-0.3785529   0.00167736 -0.37642938  0.00212352 -0.37387412  0.00255526],1.0,1.0
[-0.37090441  0.00296971 -0.36754028  0.00336413 -0.36380429  0.00373599],0.9375862,1.0
[-0.35981501  0.00398929 -0.35559889  0.00421612 -0.35118371  0.00441517],0.7600717,1.0
[-0.34686466  0.00431906 -0.34266976  0.0041949  -0.33862607  0.00404369],0.59122604,1.0
[-0.33501272  0.00361335 -0.33185267  0.00316005 -0.32916587  0.0026868 ],0.84683716,1.0
[-0.32658577  0.0025801  -0.32412847  0.0024573  -0.32180924  0.00231923],1.0,1.0
[-0.31941267  0.00239657 -0.31695351  0.00245916 -0.3144468   0.0025067 ],0.74974567,1.0
[-0.3122832   0.0021636  -0.3104758   0.0018074  -0.30903551  0.0014403 ],0.7203311,1.0
"[-3.08015091e-01  1.02041447e-03 -3.07420672e-01  5.94419118e-04
 -3.07255803e-01  1.64868365e-04]",0.7718329,1.0
"[-3.07444218e-01 -1.88414951e-04 -3.07984791e-01 -5.40572241e-04
 -3.08874287e-01 -8.89496224e-04]",0.87287575,1.0
[-0.30995581 -0.00108153 -0.31122288 -0.00126706 -0.31266785 -0.00144497],0.91284984,1.0
[-0.31422205 -0.0015542  -0.31587605 -0.001654   -0.31761981 -0.00174376],1.0,1.0
[-0.31931195 -0.00169214 -0.32094212 -0.00163017 -0.32250029 -0.00155817],1.0,1.0
[-0.32397686 -0.00147657 -0.3253627  -0.00138584 -0.3266492  -0.0012865 ],1.0,1.0
[-0.32782837 -0.00117917 -0.32889285 -0.00106448 -0.32983599 -0.00094314],1.0,1.0
[-0.33065188 -0.00081589 -0.33133541 -0.00068353 -0.33188228 -0.00054687],1.0,1.0
"[-3.32289046e-01 -4.06768464e-04 -3.32553154e-01 -2.64108123e-04
 -3.32672938e-01 -1.19783922e-04]",0.99404424,1.0
"[-3.32656576e-01  1.63615544e-05 -3.32504172e-01  1.52403906e-04
 -3.32216686e-01  2.87485829e-04]",0.8085153,1.0
"[-3.32074223e-01  1.42463427e-04 -3.32077679e-01 -3.45600406e-06
 -3.32227033e-01 -1.49353677e-04]",0.5258154,1.0
[-0.33294539 -0.00071836 -0.33422823 -0.00128284 -0.33606745 -0.00183922],0.5531421,1.0
[-0.33841042 -0.00234296 -0.34124223 -0.00283181 -0.34454479 -0.00330256],1.0,1.0
[-0.3476266  -0.00308181 -0.35046775 -0.00284115 -0.35304978 -0.00258203],1.0,1.0
[-0.35535585 -0.00230607 -0.35737084 -0.00201499 -0.35908151 -0.00171067],1.0,1.0
[-0.36047657 -0.00139506 -0.36154679 -0.00107023 -0.36228509 -0.0007383 ],0.9847893,1.0
"[-3.62709392e-01 -4.24297204e-04 -3.62816865e-01 -1.07473652e-04
 -3.62606801e-01  2.10063928e-04]",1.0,1.0
[-0.36205778  0.00054902 -0.36117344  0.00088434 -0.35995966  0.00121378],0.9442816,1.0
[-0.35850804  0.00145162 -0.35682818  0.00167986 -0.35493114  0.00189704],0.78668463,1.0
[-0.35306579  0.00186535 -0.35124434  0.00182145 -0.34947869  0.00176565],0.9811998,1.0
[-0.34748856  0.00199013 -0.34528685  0.0022017  -0.34288782  0.00239904],1.0,1.0
[-0.34027869  0.00260913 -0.3374762   0.00280249 -0.33449821  0.00297799],1.0,1.0
[-0.33136362  0.00313459 -0.32809219  0.00327143 -0.32470442  0.00338776],0.9581225,1.0
[-0.32128423  0.00342019 -0.31785275  0.00343148 -0.31443105  0.0034217 ],1.0,1.0
[-0.31097717  0.00345389 -0.30751198  0.00346518 -0.3040563   0.00345568],1.0,1.0
[-0.3006307   0.0034256  -0.29725542  0.00337528 -0.29395023  0.00330519],1.0,1.0
[-0.29073435  0.00321588 -0.28762633  0.00310803 -0.28464394  0.00298239],1.0,1.0
[-0.2818041   0.00283983 -0.27912283  0.00268128 -0.2766151   0.00250773],1.0,1.0
[-0.27429485  0.00232025 -0.27217487  0.00211998 -0.27026679  0.00190808],1.0,1.0
[-0.268581    0.00168579 -0.26712666  0.00145435 -0.2659116   0.00121506],0.88533485,1.0
"[-2.65114366e-01  7.97234561e-04 -2.64739229e-01  3.75137336e-04
 -2.64788197e-01 -4.89679319e-05]",0.8330104,1.0
[-0.26533949 -0.0005513  -0.26639017 -0.00105068 -0.26793458 -0.00154441],0.48449445,1.0
[-0.27048719 -0.0025526  -0.27403415 -0.00354696 -0.27855608 -0.00452193],0.75960946,1.0
[-0.28361529 -0.00505922 -0.28918346 -0.00556817 -0.29522896 -0.0060455 ],0.88094586,1.0
[-0.30153494 -0.00630597 -0.30806448 -0.00652955 -0.31477881 -0.00671432],0.7574133,1.0
[-0.32182271 -0.00704391 -0.32915308 -0.00733037 -0.33672436 -0.00757128],1.0,1.0
[-0.34412492 -0.00740056 -0.35130743 -0.00718252 -0.35822536 -0.00691793],0.9149809,1.0
[-0.36496086 -0.0067355  -0.37146927 -0.00650841 -0.37770697 -0.00623771],0.9697996,1.0
[-0.38354957 -0.0058426  -0.3889572  -0.00540763 -0.39389271 -0.00493551],0.754945,1.0
[-0.39864424 -0.00475152 -0.40317871 -0.00453447 -0.40746439 -0.00428569],0.628094,1.0
[-0.41166143 -0.00419704 -0.41574017 -0.00407874 -0.41967167 -0.00393149],0.7159523,1.0
[-0.42329612 -0.00362445 -0.42658761 -0.00329149 -0.42952253 -0.00293492],0.7183894,1.0
[-0.43207611 -0.00255358 -0.43422993 -0.00215382 -0.43596843 -0.0017385 ],0.63391757,1.0
[-0.43740574 -0.00143731 -0.43853144 -0.0011257  -0.43933737 -0.00080593],0.88039595,1.0
"[-4.39447957e-01 -1.10585165e-04 -4.38862397e-01  5.85560193e-04
 -4.37584943e-01  1.27745402e-03]",0.6473915,1.0
[-0.43597437  0.00161057 -0.43404235  0.00193202 -0.43180287  0.00223949],1.0,1.0
[-0.42874318  0.00305969 -0.42488535  0.00385783 -0.4202571   0.00462825],1.0,1.0
[-0.41489155  0.00536555 -0.40882693  0.00606462 -0.40210619  0.00672074],0.92354083,1.0
[-0.39489129  0.0072149  -0.38723259  0.00765871 -0.37918302  0.00804956],1.0,1.0
[-0.37068301  0.00850001 -0.36179006  0.00889295 -0.35256357  0.00922649],0.96777236,1.0
[-0.34311264  0.00945093 -0.33349851  0.00961412 -0.32378244  0.00971607],0.74735427,1.0
[-0.31435581  0.00942663 -0.30527642  0.00907939 -0.29659882  0.00867759],0.63749516,1.0
[-0.28853892  0.00805991 -0.28114319  0.00739573 -0.27445348  0.00668971],0.66644824,1.0
[-0.26846351  0.00598998 -0.26320593  0.00525758 -0.25870897  0.00449696],0.94326085,1.0
[-0.25458121  0.00412777 -0.25084418  0.00373703 -0.24751716  0.00332702],0.8276484,1.0
[-0.24479053  0.00272663 -0.24267806  0.00211247 -0.24119033  0.00148773],0.71109295,1.0
"[-2.40509572e-01  6.80756716e-04 -2.40639168e-01 -1.29595958e-04
 -2.41578474e-01 -9.39306472e-04]",0.98302865,1.0
[-0.24291493 -0.00133645 -0.24464186 -0.00172693 -0.24675063 -0.00210877],0.9396313,1.0
[-0.2492957  -0.00254507 -0.25226414 -0.00296844 -0.25564074 -0.0033766 ],1.0,1.0
[-0.25931746 -0.00367672 -0.26327506 -0.0039576  -0.26749259 -0.00421753],0.93613017,1.0
[-0.27204324 -0.00455065 -0.27690231 -0.00485907 -0.28204307 -0.00514076],0.8889683,1.0
[-0.28750759 -0.00546452 -0.29326497 -0.00575738 -0.29928217 -0.0060172 ],1.0,1.0
[-0.3053576  -0.00607544 -0.31145539 -0.00609779 -0.317539   -0.00608361],1.0,1.0
[-0.32357149 -0.00603249 -0.32951575 -0.00594426 -0.33533478 -0.00581902],0.8293408,1.0
[-0.34124789 -0.00591311 -0.34721742 -0.00596953 -0.35320493 -0.00598751],1.0,1.0
[-0.35891546 -0.00571053 -0.36431147 -0.00539602 -0.36935719 -0.00504572],1.0,1.0
[-0.37401888 -0.00466169 -0.37826515 -0.00424627 -0.38206721 -0.00380206],1.0,1.0
[-0.38539915 -0.00333194 -0.38823815 -0.002839   -0.39056468 -0.00232653],0.9820362,1.0
[-0.39238963 -0.00182495 -0.39370038 -0.00131075 -0.39448784 -0.00078746],0.9502701,1.0
"[-3.94794201e-01 -3.06358266e-04 -3.94617327e-01  1.76874413e-04
 -3.93958448e-01  6.58878479e-04]",0.88263255,1.0
[-0.3929236   0.00103485 -0.39151995  0.00140365 -0.38975722  0.00176272],1.0,1.0
[-0.38747156  0.00228567 -0.3846787   0.00279286 -0.38139784  0.00328086],1.0,1.0
[-0.37765144  0.00374641 -0.373465    0.00418644 -0.36886687  0.00459812],0.94227844,1.0
[-0.36397459  0.00489228 -0.35882084  0.00515375 -0.35343978  0.00538106],1.0,1.0
[-0.34778021  0.00565957 -0.34187898  0.00590123 -0.33577413  0.00610485],0.9151454,1.0
[-0.32963189  0.00614225 -0.32349095  0.00614093 -0.31738957  0.00610138],1.0,1.0
[-0.31123799  0.00615158 -0.30507354  0.00616445 -0.29893312  0.00614041],1.0,1.0
[-0.29285299  0.00608013 -0.28686852  0.00598448 -0.28101399  0.00585453],1.0,1.0
[-0.27532244  0.00569154 -0.26982552  0.00549693 -0.26455328  0.00527223],1.0,1.0
[-0.25953415  0.00501913 -0.25479476  0.00473939 -0.25035988  0.00443487],1.0,1.0
[-0.24625239  0.00410749 -0.24249317  0.00375923 -0.23910108  0.00339209],1.0,1.0
[-0.23609294  0.00300814 -0.2334835   0.00260943 -0.23128545  0.00219805],0.7542206,1.0
"[-2.29878028e-01  1.40742062e-03 -2.29267974e-01  6.10054317e-04
 -2.29458194e-01 -1.90219876e-04]",0.6158195,1.0
[-0.23065538 -0.00119719 -0.23285383 -0.00219844 -0.23604296 -0.00318913],0.9689737,1.0
[-0.23967758 -0.00363462 -0.24373986 -0.00406227 -0.24820957 -0.00446971],1.0,1.0
[-0.25301763 -0.00480806 -0.25813941 -0.00512178 -0.26354826 -0.00540885],1.0,1.0
[-0.26921558 -0.00566732 -0.2751109  -0.00589532 -0.28120201 -0.0060911 ],1.0,1.0
[-0.28745504 -0.00625304 -0.29383469 -0.00637964 -0.30030431 -0.00646962],1.0,1.0
[-0.30682617 -0.00652186 -0.31336163 -0.00653546 -0.31987138 -0.00650976],1.0,1.0
[-0.32631573 -0.00644435 -0.33265481 -0.00633909 -0.33884894 -0.00619412],1.0,1.0
[-0.34485882 -0.00600989 -0.35064594 -0.00578711 -0.35617277 -0.00552683],1.0,1.0
[-0.36140316 -0.00523039 -0.36630258 -0.00489942 -0.37083843 -0.00453585],1.0,1.0
[-0.37498029 -0.00414186 -0.37870023 -0.00371994 -0.381973   -0.00327277],0.9222099,1.0
[-0.38489298 -0.00291998 -0.38744018 -0.0025472  -0.38959709 -0.00215691],0.8392065,1.0
[-0.39147335 -0.00187626 -0.393056   -0.00158265 -0.39433407 -0.00127807],1.0,1.0
"[-3.95057508e-01 -7.23439281e-04 -3.95221290e-01 -1.63782292e-04
 -3.94824277e-01  3.97012972e-04]",1.0,1.0
[-0.39386923  0.00095505 -0.39236277  0.00150645 -0.39031536  0.00204742],1.0,1.0
[-0.38774114  0.00257422 -0.38465788  0.00308326 -0.38108676  0.00357112],0.98006755,1.0
[-0.37708212  0.00400464 -0.37267121  0.00441091 -0.36788387  0.00478734],0.9420315,1.0
[-0.36280932  0.00507454 -0.35748143  0.00532789 -0.35193544  0.00554599],0.74532956,1.0
[-0.34650277  0.00543267 -0.34121871  0.00528406 -0.33611728  0.00510143],0.76707274,1.0
[-0.33119837  0.0049189  -0.32649306  0.00470531 -0.32203078  0.00446228],0.9886163,1.0
[-0.31750687  0.00452391 -0.31294912  0.00455776 -0.30838523  0.00456388],0.7814063,1.0
[-0.30415351  0.00423172 -0.30027919  0.00387432 -0.29678514  0.00349405],1.0,1.0
[-0.29336393  0.00342121 -0.29003542  0.00332851 -0.28681877  0.00321665],1.0,1.0
[-0.28373236  0.00308642 -0.28079365  0.00293871 -0.27801916  0.00277449],1.0,1.0
[-0.27542436  0.0025948  -0.27302361  0.00240075 -0.27083012  0.00219349],0.80428636,1.0
[-0.26914943  0.00168069 -0.26799066  0.00115876 -0.2673601   0.00063056],0.44796395,1.0
[-0.26779563 -0.00043552 -0.26929489 -0.00149926 -0.27184978 -0.00255489],0.66749734,1.0
[-0.27511709 -0.00326731 -0.2790789  -0.00396181 -0.28371327 -0.00463436],0.47571415,1.0
[-0.28928188 -0.00556861 -0.29575309 -0.00647122 -0.30308959 -0.00733649],0.781628,1.0
[-0.31078945 -0.00769986 -0.3188067  -0.00801725 -0.32709263 -0.00828593],0.85033524,1.0
[-0.33549296 -0.00840033 -0.34395489 -0.00846193 -0.35242436 -0.00846947],0.96115005,1.0
[-0.36068023 -0.00825587 -0.36866819 -0.00798796 -0.37633502 -0.00766683],0.8402842,1.0
[-0.38381032 -0.0074753  -0.39104315 -0.00723283 -0.39798372 -0.00694057],0.7401604,1.0
[-0.40473403 -0.0067503  -0.4112468  -0.00651278 -0.41747611 -0.00622931],0.7942839,1.0
[-0.42329654 -0.00582043 -0.4286665  -0.00536997 -0.43354745 -0.00488095],0.7298576,1.0
[-0.43800081 -0.00445336 -0.44199434 -0.00399353 -0.44549901 -0.00350468],0.5447185,1.0
[-0.44876702 -0.003268   -0.45177448 -0.00300746 -0.45449938 -0.00272491],0.54142237,1.0
